	#TargetID	pfam_id	domain_name	E-value	BitScore	TargetStart	TargetEnd	HMM_Seq	Target_Seq	HMM_Pos	prot	pep	chromosome	chrom_num	gene	transcript	gene_biotype	transcript_biotype	hgncID	hugoSymbol	refseq	entrez	length	HMMStart	HMMEnd
0	ENSP00000250454.3	PF10238	Eapp_C	3.5e-57	190.8	138	283	lYdseaDdedekwvkkkrrsyk.......akkkkkkksdavLsCpaCfttvcldcqrHekyknqYramfvlnvkvdkeevlkykeaesekkkkkkkkkkkkeekeeeaeaeeaeeeeeeeeeeeelyhpvkCseCstevavldkdevyhFfnvlas	LYDPEKDNRDQAWVDAQRRGYHglgpqrsRQQQPVPNSDAVLNCPACMTTLCLDCQRHESYKTQYRAMFVMNCSINKEEVLRYK----ASENRKKRRVHKKMRSNREDAAEKAETDV------EEIYHPVMCTECSTEVAVYDKDEVFHFFNVLAS	1,2,3,4,5,6,7,8,9,10,11,12,13,14,15,16,17,18,19,20,21,22,a22-0,a22-1,a22-2,a22-3,a22-4,a22-5,a22-6,23,24,25,26,27,28,29,30,31,32,33,34,35,36,37,38,39,40,41,42,43,44,45,46,47,48,49,50,51,52,53,54,55,56,57,58,59,60,61,62,63,64,65,66,67,68,69,70,71,72,73,74,75,76,77,78,79,80,81,82,83,84,85,86,87,88,89,90,91,92,93,94,95,96,97,98,99,100,101,102,103,104,105,106,107,108,109,110,111,112,113,114,115,116,117,118,119,120,121,122,123,124,125,126,127,128,129,130,131,132,133,134,135,136,137,138,139,140,141,142,143,144,145,146,147,148,149	ENSP00000250454.3	known	GRCh37:14:complement(join(35008761..35008834,35005300..35005481,35002650..35002745,34998564..34998681,34993903..34994013,34985516..34985792))	14	ENSG00000129518.4	ENST00000250454.3	protein_coding	protein_coding	19312	EAPP	NP_060923	55837.0	285	1	149
