	#TargetID	pfam_id	domain_name	E-value	BitScore	TargetStart	TargetEnd	HMM_Seq	Target_Seq	HMM_Pos	prot	pep	chromosome	chrom_num	gene	transcript	gene_biotype	transcript_biotype	hgncID	hugoSymbol	refseq	entrez	length	HMMStart	HMMEnd
0	ENSP00000173898.7	PF01454	MAGE	7.2e-21	70.2	451	618	LVRlalacesqrtpIrreeikkkvlgeqgkrafkkvfeeaqkqLrdvFGmeLvelpskeekkstessqekraaekakskkstrsksyiLvstlpeeyreaaaiiapskiesealeekeaaykGiltvvlslillsggsiseqeLekyLkrlgldenstsveitklklkldelLk.klvkqgYlvrekeskasdeeeekveyrvGpRakvEigee	LVKYLLVKDQTKIPIKRSDMLRDVIQEYD-EYFPEIIERASYTLEKMFRVNLKEIDKQ-------------------------SSLYILISTQES----SAGILGTTKDTP---------KLGLLMVILSVIFMNGNKASEAVIWEVLRKLGLRPG---V-RHSLFGEVRKLITdEFVKQKYLEYKRV---PNSRPPEYEFFWGLRSYHETSKM	1,2,3,4,5,6,7,8,9,10,11,12,13,14,15,16,17,18,19,20,21,22,23,24,25,26,27,28,29,30,31,32,33,34,35,36,37,38,39,40,41,42,43,44,45,46,47,48,49,50,51,52,53,54,55,56,57,58,59,60,61,62,63,64,65,66,67,68,69,70,71,72,73,74,75,76,77,78,79,80,81,82,83,84,85,86,87,88,89,90,91,92,93,94,95,96,97,98,99,100,101,102,103,104,105,106,107,108,109,110,111,112,113,114,115,116,117,118,119,120,121,122,123,124,125,126,127,128,129,130,131,132,133,134,135,136,137,138,139,140,141,142,143,144,145,146,147,148,149,150,151,152,153,154,155,156,157,158,159,160,161,162,163,164,165,166,167,168,169,170,171,172,173,174,a174-0,175,176,177,178,179,180,181,182,183,184,185,186,187,188,189,190,191,192,193,194,195,196,197,198,199,200,201,202,203,204,205,206,207,208,209,210,211,212,213	ENSP00000173898.7	known	GRCh37:X:join(54948680..54948724,54949011..54950201,54950884..54950988,54951103..54951166,54951422..54951501,54952025..54952116,54952843..54952922,54953016..54953058,54953476..54953538,54954100..54954214,54955036..54957453)	X	ENSG00000067445.16	ENST00000173898.7	protein_coding	protein_coding	12326	TRO	NP_001034794	7216.0	1431	1	213
1	ENSP00000218439.4	PF01454	MAGE	3.9e-24	81.1	286	454	LVRlalacesqrtpIrreeikkkvlgeqgkrafkkvfeeaqkqLrdvFGmeLvelpskeekkstessqekraaekakskkstrsksyiLvstlpeeyreaaaiiapskiesealeekeaaykGiltvvlslillsggsiseqeLekyLkrlgldenstsveitklklkldelLk.klvkqgYlvrekeskasdeeeekveyrvGpRakvEigee	LVKYLLAKDQTKIPIKRSDMLKDIIKE-YTDVYPEIIERAGYSLEKVFGIQLKEIDKND-------------------------HLYILLSTLEP---TDAGILGTTKDSP---------KLGLLMVLLSIIFMNGNRSSEAVIWEVLRKLGLRPG---I-HHSLFGDVKKLITdEFVKQKYLDYARV---PNSNPPEYEFFWGLRSYYETSKM	1,2,3,4,5,6,7,8,9,10,11,12,13,14,15,16,17,18,19,20,21,22,23,24,25,26,27,28,29,30,31,32,33,34,35,36,37,38,39,40,41,42,43,44,45,46,47,48,49,50,51,52,53,54,55,56,57,58,59,60,61,62,63,64,65,66,67,68,69,70,71,72,73,74,75,76,77,78,79,80,81,82,83,84,85,86,87,88,89,90,91,92,93,94,95,96,97,98,99,100,101,102,103,104,105,106,107,108,109,110,111,112,113,114,115,116,117,118,119,120,121,122,123,124,125,126,127,128,129,130,131,132,133,134,135,136,137,138,139,140,141,142,143,144,145,146,147,148,149,150,151,152,153,154,155,156,157,158,159,160,161,162,163,164,165,166,167,168,169,170,171,172,173,174,a174-0,175,176,177,178,179,180,181,182,183,184,185,186,187,188,189,190,191,192,193,194,195,196,197,198,199,200,201,202,203,204,205,206,207,208,209,210,211,212,213	ENSP00000218439.4	known	GRCh37:X:join(54835765..54835809,54836155..54836646,54837254..54837562,54837683..54837746,54838007..54838086,54838590..54838684,54839378..54839457,54839551..54839593,54839921..54839983,54841094..54841208,54841681..54842115)	X	ENSG00000102316.12	ENST00000218439.4	protein_coding	protein_coding	16353	MAGED2		10916.0	606	1	213
2	ENSP00000243314.5	PF01454	MAGE	8.6e-10	33.4	115	283	LVRlalacesqrtpIrreeikkkvlgeqgkrafkkvfeeaqkqLrdvFGmeLvelpskeekkstessqekraaekakskkstrsksyiLvstlpeeyreaaaiiapskiesealeekeaaykGiltvvlslillsggsiseqeLekyLkrlgldenstsveitklklkldelLk.klvkqgYlvrekeskasdeeeekveyrvGpRakvEigee	LVHFLLHKYRVKEPVTKAEMLESVIKN-YKRYFPVIFGKASEFMQVIFGTDVKEVDPAG-------------------------HSYILVTALGLSCD--SMLGDGHSMPK----------AALLIIVLGVILTKDNCAPEEVIWEALSVMGVYVG----KEHMFYGEPRKLLTqDWVQENYLEYRQV---PGSDPAHYEFLWGSKAHAETSYE	1,2,3,4,5,6,7,8,9,10,11,12,13,14,15,16,17,18,19,20,21,22,23,24,25,26,27,28,29,30,31,32,33,34,35,36,37,38,39,40,41,42,43,44,45,46,47,48,49,50,51,52,53,54,55,56,57,58,59,60,61,62,63,64,65,66,67,68,69,70,71,72,73,74,75,76,77,78,79,80,81,82,83,84,85,86,87,88,89,90,91,92,93,94,95,96,97,98,99,100,101,102,103,104,105,106,107,108,109,110,111,112,113,114,115,116,117,118,119,120,121,122,123,124,125,126,127,128,129,130,131,132,133,134,135,136,137,138,139,140,141,142,143,144,145,146,147,148,149,150,151,152,153,154,155,156,157,158,159,160,161,162,163,164,165,166,167,168,169,170,171,172,173,174,a174-0,175,176,177,178,179,180,181,182,183,184,185,186,187,188,189,190,191,192,193,194,195,196,197,198,199,200,201,202,203,204,205,206,207,208,209,210,211,212,213	ENSP00000243314.5	known	GRCh37:X:complement(148663888..148664835)	X	ENSG00000123584.7	ENST00000243314.5	protein_coding	protein_coding	31909	MAGEA9B	NP_001074259	4108.0	315	1	213
3	ENSP00000244096.3	PF01454	MAGE	1.5e-16	55.9	141	309	LVRlalacesqrtpIrreeikkkvlgeqgkrafkkvfeeaqkqLrdvFGmeLvelpskeekkstessqekraaekakskkstrsksyiLvstlpeeyreaaaiiapskiesealeekeaaykGiltvvlslillsggsiseqeLekyLkrlgldenstsveitklklkldelLk.klvkqgYlvrekeskasdeeeekveyrvGpRakvEigee	LVQFLLFKYQMKEPITKAEILESVIRN-YEDHFPLLFSEASECMLLVFGIDVKEVDPTG-------------------------HSFVLVTSLGLTYD--GMLSDVQSMPK----------TGILILILSIVFIEGYCTPEEVIWEALNMMGLYDG----MEHLIYGEPRKLLTqDWVQENYLEYRQV---PGSDPARYEFLWGPRAHAEIRKM	1,2,3,4,5,6,7,8,9,10,11,12,13,14,15,16,17,18,19,20,21,22,23,24,25,26,27,28,29,30,31,32,33,34,35,36,37,38,39,40,41,42,43,44,45,46,47,48,49,50,51,52,53,54,55,56,57,58,59,60,61,62,63,64,65,66,67,68,69,70,71,72,73,74,75,76,77,78,79,80,81,82,83,84,85,86,87,88,89,90,91,92,93,94,95,96,97,98,99,100,101,102,103,104,105,106,107,108,109,110,111,112,113,114,115,116,117,118,119,120,121,122,123,124,125,126,127,128,129,130,131,132,133,134,135,136,137,138,139,140,141,142,143,144,145,146,147,148,149,150,151,152,153,154,155,156,157,158,159,160,161,162,163,164,165,166,167,168,169,170,171,172,173,174,a174-0,175,176,177,178,179,180,181,182,183,184,185,186,187,188,189,190,191,192,193,194,195,196,197,198,199,200,201,202,203,204,205,206,207,208,209,210,211,212,213	ENSP00000244096.3	known	GRCh37:X:complement(151302983..151304092)	X	ENSG00000124260.7	ENST00000244096.3	protein_coding	protein_coding	6797	MAGEA10	NP_001011543	4109.0	369	1	213
4	ENSP00000276344.2	PF01454	MAGE	9.6e-13	43.2	117	285	LVRlalacesqrtpIrreeikkkvlgeqgkrafkkvfeeaqkqLrdvFGmeLvelpskeekkstessqekraaekakskkstrsksyiLvstlpeeyreaaaiiapskiesealeekeaaykGiltvvlslillsggsiseqeLekyLkrlgldenstsveitklklkldelLk.klvkqgYlvrekeskasdeeeekveyrvGpRakvEigee	LAHFLLRKYRAKELVTKAEMLERVIKN-YKRCFPVIFGKASESLKMIFGIDVKEVDPA-------------------------SNTYTLVTCLGLSYD---GLLGNNQIFP---------KTGLLIIVLGTIAMEGDSASEEEIWEELGVMGVYDG----REHTVYGEPRKLLTqDWVQENYLEYRQV---PGSNPARYEFLWGPRALAETSYV	1,2,3,4,5,6,7,8,9,10,11,12,13,14,15,16,17,18,19,20,21,22,23,24,25,26,27,28,29,30,31,32,33,34,35,36,37,38,39,40,41,42,43,44,45,46,47,48,49,50,51,52,53,54,55,56,57,58,59,60,61,62,63,64,65,66,67,68,69,70,71,72,73,74,75,76,77,78,79,80,81,82,83,84,85,86,87,88,89,90,91,92,93,94,95,96,97,98,99,100,101,102,103,104,105,106,107,108,109,110,111,112,113,114,115,116,117,118,119,120,121,122,123,124,125,126,127,128,129,130,131,132,133,134,135,136,137,138,139,140,141,142,143,144,145,146,147,148,149,150,151,152,153,154,155,156,157,158,159,160,161,162,163,164,165,166,167,168,169,170,171,172,173,174,a174-0,175,176,177,178,179,180,181,182,183,184,185,186,187,188,189,190,191,192,193,194,195,196,197,198,199,200,201,202,203,204,205,206,207,208,209,210,211,212,213	ENSP00000276344.2	known	GRCh37:X:151092137..151093090	X	ENSG00000147381.7	ENST00000276344.2	protein_coding	protein_coding	6802	MAGEA4	NP_001011548	4103.0	317	1	213
5	ENSP00000285879.4	PF01454	MAGE	2.4e-11	38.6	915	1082	LVRlalacesqrtpIrreeikkkvlgeqgkrafkkvfeeaqkqLrdvFGmeLvelpskeekkstessqekraaekakskkstrsksyiLvstlpeeyreaaaiiapskiesealeekeaaykGiltvvlslillsggsiseqeLekyLkrlgldenstsveitklklkldelLk.klvkqgYlvrekeskasdeeeekveyrvGpRakvEigee	LARFLLLKYQVKQPITKAEMLTNVISR-YTGYFPVIFRKAREFIEILFGISLREVDPDD--------------------------SYVFVNTLDLTSEGCLSDEQGMSQNR------------LLILILSIIFIKGTYASEEVIWDVLSGIGVRAG----REHFAFGEPRELLTkVWVQEHYLEYREV---PNSSPPRYEFLWGPRAHSEVIKR	1,2,3,4,5,6,7,8,9,10,11,12,13,14,15,16,17,18,19,20,21,22,23,24,25,26,27,28,29,30,31,32,33,34,35,36,37,38,39,40,41,42,43,44,45,46,47,48,49,50,51,52,53,54,55,56,57,58,59,60,61,62,63,64,65,66,67,68,69,70,71,72,73,74,75,76,77,78,79,80,81,82,83,84,85,86,87,88,89,90,91,92,93,94,95,96,97,98,99,100,101,102,103,104,105,106,107,108,109,110,111,112,113,114,115,116,117,118,119,120,121,122,123,124,125,126,127,128,129,130,131,132,133,134,135,136,137,138,139,140,141,142,143,144,145,146,147,148,149,150,151,152,153,154,155,156,157,158,159,160,161,162,163,164,165,166,167,168,169,170,171,172,173,174,a174-0,175,176,177,178,179,180,181,182,183,184,185,186,187,188,189,190,191,192,193,194,195,196,197,198,199,200,201,202,203,204,205,206,207,208,209,210,211,212,213	ENSP00000285879.4	known	GRCh37:X:join(140992859..140992862,140993195..140996619)	X	ENSG00000155495.8	ENST00000285879.4	protein_coding	protein_coding	6812	MAGEC1	NP_005453	9947.0	1142	1	213
6	ENSP00000286482.1	PF01454	MAGE	7.1e-17	57.0	119	287	LVRlalacesqrtpIrreeikkkvlgeqgkrafkkvfeeaqkqLrdvFGmeLvelpskeekkstessqekraaekakskkstrsksyiLvstlpeeyreaaaiiapskiesealeekeaaykGiltvvlslillsggsiseqeLekyLkrlgldenstsveitklklkldelLk.klvkqgYlvrekeskasdeeeekveyrvGpRakvEigee	LVRFLLRKYQIKEPVTKAEMLESVIKN-YKNHFPDIFSKASECMQVIFGIDVKEVDPAG-------------------------HSYILVTCLGLSYD---GLLGDDQSTP---------KTGLLIIVLGMILMEGSRAPEEAIWEALSVMGLYDG----REHSVYWKLRKLLTqEWVQENYLEYRQA---PGSDPVRYEFLWGPRALAETSYV	1,2,3,4,5,6,7,8,9,10,11,12,13,14,15,16,17,18,19,20,21,22,23,24,25,26,27,28,29,30,31,32,33,34,35,36,37,38,39,40,41,42,43,44,45,46,47,48,49,50,51,52,53,54,55,56,57,58,59,60,61,62,63,64,65,66,67,68,69,70,71,72,73,74,75,76,77,78,79,80,81,82,83,84,85,86,87,88,89,90,91,92,93,94,95,96,97,98,99,100,101,102,103,104,105,106,107,108,109,110,111,112,113,114,115,116,117,118,119,120,121,122,123,124,125,126,127,128,129,130,131,132,133,134,135,136,137,138,139,140,141,142,143,144,145,146,147,148,149,150,151,152,153,154,155,156,157,158,159,160,161,162,163,164,165,166,167,168,169,170,171,172,173,174,a174-0,175,176,177,178,179,180,181,182,183,184,185,186,187,188,189,190,191,192,193,194,195,196,197,198,199,200,201,202,203,204,205,206,207,208,209,210,211,212,213	ENSP00000286482.1	known	GRCh37:X:149013047..149014003	X	ENSG00000156009.5	ENST00000286482.1	protein_coding	protein_coding	6806	MAGEA8	NP_005355	4107.0	318	1	213
7	ENSP00000298974.5	PF01454	MAGE	8.6e-10	33.4	115	283	LVRlalacesqrtpIrreeikkkvlgeqgkrafkkvfeeaqkqLrdvFGmeLvelpskeekkstessqekraaekakskkstrsksyiLvstlpeeyreaaaiiapskiesealeekeaaykGiltvvlslillsggsiseqeLekyLkrlgldenstsveitklklkldelLk.klvkqgYlvrekeskasdeeeekveyrvGpRakvEigee	LVHFLLHKYRVKEPVTKAEMLESVIKN-YKRYFPVIFGKASEFMQVIFGTDVKEVDPAG-------------------------HSYILVTALGLSCD--SMLGDGHSMPK----------AALLIIVLGVILTKDNCAPEEVIWEALSVMGVYVG----KEHMFYGEPRKLLTqDWVQENYLEYRQV---PGSDPAHYEFLWGSKAHAETSYE	1,2,3,4,5,6,7,8,9,10,11,12,13,14,15,16,17,18,19,20,21,22,23,24,25,26,27,28,29,30,31,32,33,34,35,36,37,38,39,40,41,42,43,44,45,46,47,48,49,50,51,52,53,54,55,56,57,58,59,60,61,62,63,64,65,66,67,68,69,70,71,72,73,74,75,76,77,78,79,80,81,82,83,84,85,86,87,88,89,90,91,92,93,94,95,96,97,98,99,100,101,102,103,104,105,106,107,108,109,110,111,112,113,114,115,116,117,118,119,120,121,122,123,124,125,126,127,128,129,130,131,132,133,134,135,136,137,138,139,140,141,142,143,144,145,146,147,148,149,150,151,152,153,154,155,156,157,158,159,160,161,162,163,164,165,166,167,168,169,170,171,172,173,174,a174-0,175,176,177,178,179,180,181,182,183,184,185,186,187,188,189,190,191,192,193,194,195,196,197,198,199,200,201,202,203,204,205,206,207,208,209,210,211,212,213	ENSP00000298974.5	known	GRCh37:X:148867873..148868820	X	ENSG00000166008.5	ENST00000298974.5	protein_coding	protein_coding	6807	MAGEA9	NP_005356	4108.0	315	1	213
8	ENSP00000314543.1	PF01454	MAGE	2.9e-15	51.6	114	282	LVRlalacesqrtpIrreeikkkvlgeqgkrafkkvfeeaqkqLrdvFGmeLvelpskeekkstessqekraaekakskkstrsksyiLvstlpeeyreaaaiiapskiesealeekeaaykGiltvvlslillsggsiseqeLekyLkrlgldenstsveitklklkldelLk.klvkqgYlvrekeskasdeeeekveyrvGpRakvEigee	LVHFLLQKYETKEPITKGDMIKFVIRK-DKCHFNEILKRASEHMELALGVDLKEVDPIR-------------------------HYYAFFSKLDLTYD--ETTSDEEKIPK----------TGLLMIALGVIFLNGNRAPEEAVWEIMNMMGVYAD----RKHFLYGDPRKVMTkDLVQLKYLEYQQV---PNSDPPRYEFLWGPRAHAETSKM	1,2,3,4,5,6,7,8,9,10,11,12,13,14,15,16,17,18,19,20,21,22,23,24,25,26,27,28,29,30,31,32,33,34,35,36,37,38,39,40,41,42,43,44,45,46,47,48,49,50,51,52,53,54,55,56,57,58,59,60,61,62,63,64,65,66,67,68,69,70,71,72,73,74,75,76,77,78,79,80,81,82,83,84,85,86,87,88,89,90,91,92,93,94,95,96,97,98,99,100,101,102,103,104,105,106,107,108,109,110,111,112,113,114,115,116,117,118,119,120,121,122,123,124,125,126,127,128,129,130,131,132,133,134,135,136,137,138,139,140,141,142,143,144,145,146,147,148,149,150,151,152,153,154,155,156,157,158,159,160,161,162,163,164,165,166,167,168,169,170,171,172,173,174,a174-0,175,176,177,178,179,180,181,182,183,184,185,186,187,188,189,190,191,192,193,194,195,196,197,198,199,200,201,202,203,204,205,206,207,208,209,210,211,212,213	ENSP00000314543.1	known	GRCh37:X:26157103..26158134	X	ENSG00000176774.5	ENST00000325250.1	protein_coding	protein_coding	28515	MAGEB18	NP_775970	286514.0	343	1	213
9	ENSP00000315064.3	PF01454	MAGE	2.9e-25	84.8	83	252	LVRlalacesqrtpIrreeikkkvlgeqgkrafkkvfeeaqkqLrdvFGmeLvelpskeekkstessqekraaekakskkstrsksyiLvstlpeeyreaaaiiapskiesealeekeaaykGiltvvlslillsggsiseqeLekyLkrlgldenstsveitklklkldelLkklvkqgYlvrekeskasdeeeekveyrvGpRakvEigee	LVQFLLVKDKKKSPITRSEMVKYVIGD-LKILFPDIIARAAEHLRYVFGFELKQFDRKH-------------------------HTYILINKLKP--------LEEEEEED---LGGDGPRLGLLMMILGLIYMRGNSAREAQVWEMLRRLGVQPS---KYHFLFGYPKRLIMEDFVQQRYLSYRRV---PHTNPPEYEFSWGPRSNLEISKM	1,2,3,4,5,6,7,8,9,10,11,12,13,14,15,16,17,18,19,20,21,22,23,24,25,26,27,28,29,30,31,32,33,34,35,36,37,38,39,40,41,42,43,44,45,46,47,48,49,50,51,52,53,54,55,56,57,58,59,60,61,62,63,64,65,66,67,68,69,70,71,72,73,74,75,76,77,78,79,80,81,82,83,84,85,86,87,88,89,90,91,92,93,94,95,96,97,98,99,100,101,102,103,104,105,106,107,108,109,110,111,112,113,114,115,116,117,118,119,120,121,122,123,124,125,126,127,128,129,130,131,132,133,134,135,136,137,138,139,140,141,142,143,144,145,146,147,148,149,150,151,152,153,154,155,156,157,158,159,160,161,162,163,164,165,166,167,168,169,170,171,172,173,174,175,176,177,178,179,180,181,182,183,184,185,186,187,188,189,190,191,192,193,194,195,196,197,198,199,200,201,202,203,204,205,206,207,208,209,210,211,212,213	ENSP00000315064.3	known	GRCh37:3:complement(184428686..184429609)	3	ENSG00000177383.3	ENST00000317897.3	protein_coding	protein_coding	29639	MAGEF1	NP_071432	64110.0	307	1	213
10	ENSP00000318278.8	PF01454	MAGE	7.2e-21	70.2	451	618	LVRlalacesqrtpIrreeikkkvlgeqgkrafkkvfeeaqkqLrdvFGmeLvelpskeekkstessqekraaekakskkstrsksyiLvstlpeeyreaaaiiapskiesealeekeaaykGiltvvlslillsggsiseqeLekyLkrlgldenstsveitklklkldelLk.klvkqgYlvrekeskasdeeeekveyrvGpRakvEigee	LVKYLLVKDQTKIPIKRSDMLRDVIQEYD-EYFPEIIERASYTLEKMFRVNLKEIDKQ-------------------------SSLYILISTQES----SAGILGTTKDTP---------KLGLLMVILSVIFMNGNKASEAVIWEVLRKLGLRPG---V-RHSLFGEVRKLITdEFVKQKYLEYKRV---PNSRPPEYEFFWGLRSYHETSKM	1,2,3,4,5,6,7,8,9,10,11,12,13,14,15,16,17,18,19,20,21,22,23,24,25,26,27,28,29,30,31,32,33,34,35,36,37,38,39,40,41,42,43,44,45,46,47,48,49,50,51,52,53,54,55,56,57,58,59,60,61,62,63,64,65,66,67,68,69,70,71,72,73,74,75,76,77,78,79,80,81,82,83,84,85,86,87,88,89,90,91,92,93,94,95,96,97,98,99,100,101,102,103,104,105,106,107,108,109,110,111,112,113,114,115,116,117,118,119,120,121,122,123,124,125,126,127,128,129,130,131,132,133,134,135,136,137,138,139,140,141,142,143,144,145,146,147,148,149,150,151,152,153,154,155,156,157,158,159,160,161,162,163,164,165,166,167,168,169,170,171,172,173,174,a174-0,175,176,177,178,179,180,181,182,183,184,185,186,187,188,189,190,191,192,193,194,195,196,197,198,199,200,201,202,203,204,205,206,207,208,209,210,211,212,213	ENSP00000318278.8	known	GRCh37:X:join(54948680..54948724,54949011..54950201,54950884..54950988,54951103..54951166,54951422..54951501,54952025..54952116,54952843..54952922,54953016..54953058,54953476..54953538,54954100..54954214,54955036..54955143,54957637..54957771)	X	ENSG00000067445.16	ENST00000319167.8	protein_coding	protein_coding	12326	TRO	NP_057241	7216.0	706	1	213
11	ENSP00000325333.7	PF01454	MAGE	8.8e-20	66.6	478	645	LVRlalacesqrtpIrreeikkkvlgeqgkrafkkvfeeaqkqLrdvFGmeLvelpskeekkstessqekraaekakskkstrsksyiLvstlpeeyreaaaiiapskiesealeekeaaykGiltvvlslillsggsiseqeLekyLkrlgldenstsveitklklkldelLk.klvkqgYlvrekeskasdeeeekveyrvGpRakvEigee	LVKYLMLKDYTKVPIKRSEMLRDIIRE-YTDVYPEIIERACFVLEKKFGIQLKEIDKEE-------------------------HLYILISTPES----LAGILGTTKDTP---------KLGLLLVILGVIFMNGNRASEAVLWEALRKMGLRPG---V-RHPLLGDLRKLLTyEFVKQKYLDYRRV---PNSNPPEYEFLWGLRSYHETSKM	1,2,3,4,5,6,7,8,9,10,11,12,13,14,15,16,17,18,19,20,21,22,23,24,25,26,27,28,29,30,31,32,33,34,35,36,37,38,39,40,41,42,43,44,45,46,47,48,49,50,51,52,53,54,55,56,57,58,59,60,61,62,63,64,65,66,67,68,69,70,71,72,73,74,75,76,77,78,79,80,81,82,83,84,85,86,87,88,89,90,91,92,93,94,95,96,97,98,99,100,101,102,103,104,105,106,107,108,109,110,111,112,113,114,115,116,117,118,119,120,121,122,123,124,125,126,127,128,129,130,131,132,133,134,135,136,137,138,139,140,141,142,143,144,145,146,147,148,149,150,151,152,153,154,155,156,157,158,159,160,161,162,163,164,165,166,167,168,169,170,171,172,173,174,a174-0,175,176,177,178,179,180,181,182,183,184,185,186,187,188,189,190,191,192,193,194,195,196,197,198,199,200,201,202,203,204,205,206,207,208,209,210,211,212,213	ENSP00000325333.7	known	GRCh37:X:join(51637401..51637445,51638149..51638856,51639505..51640173,51640304..51640367,51640643..51640722,51640891..51640982,51641210..51641289,51641381..51641423,51641677..51641739,51643278..51643392,51644649..51645026)	X	ENSG00000179222.13	ENST00000326587.7	protein_coding	protein_coding	6813	MAGED1	NP_008917	9500.0	778	1	213
12	ENSP00000328177.4	PF01454	MAGE	9.8e-13	43.2	200	368	LVRlalacesqrtpIrreeikkkvlgeqgkrafkkvfeeaqkqLrdvFGmeLvelpskeekkstessqekraaekakskkstrsksyiLvstlpeeyreaaaiiapskiesealeekeaaykGiltvvlslillsggsiseqeLekyLkrlgldenstsveitklklkldelLk.klvkqgYlvrekeskasdeeeekveyrvGpRakvEigee	LVHLLLRKYRVKGLITKAEMLGSVIKN-YEDYFPEIFREASVCMQLLFGIDVKEVDPT-------------------------SHSYVLVTSLNLSYD-GIQCNEQSMPKS-----------GLLIIVLGVIFMEGNCIPEEVMWEVLSIMGVYAG----REHFLFGEPKRLLTqNWVQEKYLVYRQV---PGTDPACYEFLWGPRAHAETSKM	1,2,3,4,5,6,7,8,9,10,11,12,13,14,15,16,17,18,19,20,21,22,23,24,25,26,27,28,29,30,31,32,33,34,35,36,37,38,39,40,41,42,43,44,45,46,47,48,49,50,51,52,53,54,55,56,57,58,59,60,61,62,63,64,65,66,67,68,69,70,71,72,73,74,75,76,77,78,79,80,81,82,83,84,85,86,87,88,89,90,91,92,93,94,95,96,97,98,99,100,101,102,103,104,105,106,107,108,109,110,111,112,113,114,115,116,117,118,119,120,121,122,123,124,125,126,127,128,129,130,131,132,133,134,135,136,137,138,139,140,141,142,143,144,145,146,147,148,149,150,151,152,153,154,155,156,157,158,159,160,161,162,163,164,165,166,167,168,169,170,171,172,173,174,a174-0,175,176,177,178,179,180,181,182,183,184,185,186,187,188,189,190,191,192,193,194,195,196,197,198,199,200,201,202,203,204,205,206,207,208,209,210,211,212,213	ENSP00000328177.4	known	GRCh37:X:join(148770636..148770644,148796141..148796236,148797264..148797337,148797413..148798436)	X	ENSG00000185247.10	ENST00000333104.4	protein_coding	protein_coding	6798	MAGEA11		4110.0	400	1	213
13	ENSP00000328274.5	PF01454	MAGE	4.2e-17	57.7	116	284	LVRlalacesqrtpIrreeikkkvlgeqgkrafkkvfeeaqkqLrdvFGmeLvelpskeekkstessqekraaekakskkstrsksyiLvstlpeeyreaaaiiapskiesealeekeaaykGiltvvlslillsggsiseqeLekyLkrlgldenstsveitklklkldelLkklvkqgYlvrekeskasdeeeekveyrvGpRakvEigee	LVQFLLNKYIRKEPITREAMLK-VINRKYKQHFPEILRRSTENVEVVFGLYLKEMDPSR-------------------------QSYVLVGKLDF-----------PNQGS-LSDGGGFPLSGLLMVLLSTIFMHGNRATEEEMWECLNALGMYKG---RKHFIYGEPQELVTKDLVREGYLEYQQV---PSSDPPRYEFLWGPRARAETSKM	1,2,3,4,5,6,7,8,9,10,11,12,13,14,15,16,17,18,19,20,21,22,23,24,25,26,27,28,29,30,31,32,33,34,35,36,37,38,39,40,41,42,43,44,45,46,47,48,49,50,51,52,53,54,55,56,57,58,59,60,61,62,63,64,65,66,67,68,69,70,71,72,73,74,75,76,77,78,79,80,81,82,83,84,85,86,87,88,89,90,91,92,93,94,95,96,97,98,99,100,101,102,103,104,105,106,107,108,109,110,111,112,113,114,115,116,117,118,119,120,121,122,123,124,125,126,127,128,129,130,131,132,133,134,135,136,137,138,139,140,141,142,143,144,145,146,147,148,149,150,151,152,153,154,155,156,157,158,159,160,161,162,163,164,165,166,167,168,169,170,171,172,173,174,175,176,177,178,179,180,181,182,183,184,185,186,187,188,189,190,191,192,193,194,195,196,197,198,199,200,201,202,203,204,205,206,207,208,209,210,211,212,213	ENSP00000328274.5	known	GRCh37:X:join(-994..-994,16188506..16189498)	X	ENSG00000182798.6	ENST00000329538.5	protein_coding	protein_coding	17418	MAGEB17		645864.0	331	1	213
14	ENSP00000329199.5	PF01454	MAGE	9.3e-14	46.6	116	284	LVRlalacesqrtpIrreeikkkvlgeqgkrafkkvfeeaqkqLrdvFGmeLvelpskeekkstessqekraaekakskkstrsksyiLvstlpeeyreaaaiiapskiesealeekeaaykGiltvvlslillsggsiseqeLekyLkrlgldenstsveitklklkldelLk.klvkqgYlvrekeskasdeeeekveyrvGpRakvEigee	LVHFLLLKYRAREPVTKAEMLGSVVGN-WQYFFPVIFSKASDSLQLVFGIELMEVDPIG-------------------------HVYIFATCLGLSYD---GLLGDNQIMP---------KTGFLIIILAIIAKEGDCAPEEKIWEELSVLEVFEG----REDSIFGDPKKLLTqYFVQENYLEYRQV---PGSDPACYEFLWGPRALIETSYV	1,2,3,4,5,6,7,8,9,10,11,12,13,14,15,16,17,18,19,20,21,22,23,24,25,26,27,28,29,30,31,32,33,34,35,36,37,38,39,40,41,42,43,44,45,46,47,48,49,50,51,52,53,54,55,56,57,58,59,60,61,62,63,64,65,66,67,68,69,70,71,72,73,74,75,76,77,78,79,80,81,82,83,84,85,86,87,88,89,90,91,92,93,94,95,96,97,98,99,100,101,102,103,104,105,106,107,108,109,110,111,112,113,114,115,116,117,118,119,120,121,122,123,124,125,126,127,128,129,130,131,132,133,134,135,136,137,138,139,140,141,142,143,144,145,146,147,148,149,150,151,152,153,154,155,156,157,158,159,160,161,162,163,164,165,166,167,168,169,170,171,172,173,174,a174-0,175,176,177,178,179,180,181,182,183,184,185,186,187,188,189,190,191,192,193,194,195,196,197,198,199,200,201,202,203,204,205,206,207,208,209,210,211,212,213	ENSP00000329199.5	known	GRCh37:X:151869311..151870255	X	ENSG00000197172.6	ENST00000329342.5	protein_coding	protein_coding	6804	MAGEA6	NP_005354	4105.0	314	1	213
15	ENSP00000330694.4	PF01454	MAGE	3.1e-30	101.4	92	261	LVRlalacesqrtpIrreeikkkvlgeqgkrafkkvfeeaqkqLrdvFGmeLvelpskeekkstessqekraaekakskkstrsksyiLvstlpeeyreaaaiiapskiesealeekeaaykGiltvvlslillsggsiseqeLekyLkrlgldenstsveitklklkldelLk.klvkqgYlvrekeskasdeeeekveyrvGpRakvEigee	LVQFLLIKDQKKIPIKRADILKHVIGD-YKDIFPDLFKRAAERLQYVFGYKLVELEPK-------------------------SNTYILINTLEP-VEEDAEMRGDQGTPT----------TGLLMIVLGLIFMKGNTIKETEAWDFLRRLGVYPT----KKHLIFGDPKKLITeDFVRQRYLEYRRI---PHTDPVDYEFQWGPRTNLETSKM	1,2,3,4,5,6,7,8,9,10,11,12,13,14,15,16,17,18,19,20,21,22,23,24,25,26,27,28,29,30,31,32,33,34,35,36,37,38,39,40,41,42,43,44,45,46,47,48,49,50,51,52,53,54,55,56,57,58,59,60,61,62,63,64,65,66,67,68,69,70,71,72,73,74,75,76,77,78,79,80,81,82,83,84,85,86,87,88,89,90,91,92,93,94,95,96,97,98,99,100,101,102,103,104,105,106,107,108,109,110,111,112,113,114,115,116,117,118,119,120,121,122,123,124,125,126,127,128,129,130,131,132,133,134,135,136,137,138,139,140,141,142,143,144,145,146,147,148,149,150,151,152,153,154,155,156,157,158,159,160,161,162,163,164,165,166,167,168,169,170,171,172,173,174,a174-0,175,176,177,178,179,180,181,182,183,184,185,186,187,188,189,190,191,192,193,194,195,196,197,198,199,200,201,202,203,204,205,206,207,208,209,210,211,212,213	ENSP00000330694.4	known	GRCh37:15:complement(29560995..29561909)	15	ENSG00000185115.4	ENST00000332303.4	protein_coding	protein_coding	7677	NDNL2	NP_619649	56160.0	304	1	213
16	ENSP00000332643.4	PF01454	MAGE	6.7e-17	57.1	105	273	LVRlalacesqrtpIrreeikkkvlgeqgkrafkkvfeeaqkqLrdvFGmeLvelpskeekkstessqekraaekakskkstrsksyiLvstlpeeyreaaaiiapskiesealeekeaaykGiltvvlslillsggsiseqeLekyLkrlgldenstsveitklklkldelLk.klvkqgYlvrekeskasdeeeekveyrvGpRakvEigee	LMWYVLVKDQKKMIIWFPDMVKDVIGS-YKKWCRSILRRTSLILARVFGLHLRLTSLH-------------------------TMEFALVKALEP---EELDRVALSNRMP---------MTGLLLMILSLIYVKGRGARESAVWNVLRILGLRPW----KKHSTFGDVRKLITeEFVQMNYLKYQRV---PYVEPPEYEFFWGSRASREITKM	1,2,3,4,5,6,7,8,9,10,11,12,13,14,15,16,17,18,19,20,21,22,23,24,25,26,27,28,29,30,31,32,33,34,35,36,37,38,39,40,41,42,43,44,45,46,47,48,49,50,51,52,53,54,55,56,57,58,59,60,61,62,63,64,65,66,67,68,69,70,71,72,73,74,75,76,77,78,79,80,81,82,83,84,85,86,87,88,89,90,91,92,93,94,95,96,97,98,99,100,101,102,103,104,105,106,107,108,109,110,111,112,113,114,115,116,117,118,119,120,121,122,123,124,125,126,127,128,129,130,131,132,133,134,135,136,137,138,139,140,141,142,143,144,145,146,147,148,149,150,151,152,153,154,155,156,157,158,159,160,161,162,163,164,165,166,167,168,169,170,171,172,173,174,a174-0,175,176,177,178,179,180,181,182,183,184,185,186,187,188,189,190,191,192,193,194,195,196,197,198,199,200,201,202,203,204,205,206,207,208,209,210,211,212,213	ENSP00000332643.4	known	GRCh37:15:complement(23931399..23932364)	15	ENSG00000182636.4	ENST00000331837.4	protein_coding	protein_coding	7675	NDN	NP_002478	4692.0	321	1	213
17	ENSP00000333487.2	PF01454	MAGE	3.3e-18	61.4	116	284	LVRlalacesqrtpIrreeikkkvlgeqgkrafkkvfeeaqkqLrdvFGmeLvelpskeekkstessqekraaekakskkstrsksyiLvstlpeeyreaaaiiapskiesealeekeaaykGiltvvlslillsggsiseqeLekyLkrlgldenstsveitklklkldelLkklvkqgYlvrekeskasdeeeekveyrvGpRakvEigee	LVHFLLLKYRAREPVTKAEMLESVLRNCQ-DFFPVIFSKASEYLQLVFGIEVVEVVPI-------------------------SHLYILVTCLGLSYD---GLLGDNQVMP---------KTGLLIIVLAIIAIEGDCAPEEKIWEELSMLEVFEG---REDSVFAHPRKLLMQDLVQENYLEYRQV---PGSDPACYEFLWGPRALIETSYV	1,2,3,4,5,6,7,8,9,10,11,12,13,14,15,16,17,18,19,20,21,22,23,24,25,26,27,28,29,30,31,32,33,34,35,36,37,38,39,40,41,42,43,44,45,46,47,48,49,50,51,52,53,54,55,56,57,58,59,60,61,62,63,64,65,66,67,68,69,70,71,72,73,74,75,76,77,78,79,80,81,82,83,84,85,86,87,88,89,90,91,92,93,94,95,96,97,98,99,100,101,102,103,104,105,106,107,108,109,110,111,112,113,114,115,116,117,118,119,120,121,122,123,124,125,126,127,128,129,130,131,132,133,134,135,136,137,138,139,140,141,142,143,144,145,146,147,148,149,150,151,152,153,154,155,156,157,158,159,160,161,162,163,164,165,166,167,168,169,170,171,172,173,174,175,176,177,178,179,180,181,182,183,184,185,186,187,188,189,190,191,192,193,194,195,196,197,198,199,200,201,202,203,204,205,206,207,208,209,210,211,212,213	ENSP00000333487.2	known	GRCh37:X:151885596..151886540	X	ENSG00000183305.9	ENST00000331220.2	protein_coding	protein_coding	19340	MAGEA2B	NP_705692	4101.0	314	1	213
18	ENSP00000335385.5	PF01454	MAGE	1e-21	73.1	420	587	LVRlalacesqrtpIrreeikkkvlgeqgkrafkkvfeeaqkqLrdvFGmeLvelpskeekkstessqekraaekakskkstrsksyiLvstlpeeyreaaaiiapskiesealeekeaaykGiltvvlslillsggsiseqeLekyLkrlgldenstsveitklklkldelLk.klvkqgYlvrekeskasdeeeekveyrvGpRakvEigee	LVKYLMIKDYKKIPIKRADMLKDVIREYD-EHFPEIIERATYTLEKKFGIHLKEIDKEE-------------------------HLYILVCTRDSSAR----LLGKTKDTP---------RLSLLLVILGVIFMNGNRASEAVLWEALRKMGLRPG---V-RHPFLGDLRKLITdDFVKQKYLEYKKI---PNSNPPEYEFLWGLRARHETSKM	1,2,3,4,5,6,7,8,9,10,11,12,13,14,15,16,17,18,19,20,21,22,23,24,25,26,27,28,29,30,31,32,33,34,35,36,37,38,39,40,41,42,43,44,45,46,47,48,49,50,51,52,53,54,55,56,57,58,59,60,61,62,63,64,65,66,67,68,69,70,71,72,73,74,75,76,77,78,79,80,81,82,83,84,85,86,87,88,89,90,91,92,93,94,95,96,97,98,99,100,101,102,103,104,105,106,107,108,109,110,111,112,113,114,115,116,117,118,119,120,121,122,123,124,125,126,127,128,129,130,131,132,133,134,135,136,137,138,139,140,141,142,143,144,145,146,147,148,149,150,151,152,153,154,155,156,157,158,159,160,161,162,163,164,165,166,167,168,169,170,171,172,173,174,a174-0,175,176,177,178,179,180,181,182,183,184,185,186,187,188,189,190,191,192,193,194,195,196,197,198,199,200,201,202,203,204,205,206,207,208,209,210,211,212,213	ENSP00000335385.5	known	GRCh37:X:complement(join(51811059..51811268,51809961..51810794,51809346..51809549,51809179..51809242,51808906..51808985,51808426..51808517,51807725..51807804,51807597..51807639,51807143..51807205,51806083..51806197,51805330..51805760,51805125..51805134))	X	ENSG00000187243.12	ENST00000335504.5	protein_coding	protein_coding	22880	MAGED4B	NP_110428	81557.0	741	1	213
19	ENSP00000336962.4	PF01454	MAGE	3.9e-24	81.1	268	436	LVRlalacesqrtpIrreeikkkvlgeqgkrafkkvfeeaqkqLrdvFGmeLvelpskeekkstessqekraaekakskkstrsksyiLvstlpeeyreaaaiiapskiesealeekeaaykGiltvvlslillsggsiseqeLekyLkrlgldenstsveitklklkldelLk.klvkqgYlvrekeskasdeeeekveyrvGpRakvEigee	LVKYLLAKDQTKIPIKRSDMLKDIIKE-YTDVYPEIIERAGYSLEKVFGIQLKEIDKND-------------------------HLYILLSTLEP---TDAGILGTTKDSP---------KLGLLMVLLSIIFMNGNRSSEAVIWEVLRKLGLRPG---I-HHSLFGDVKKLITdEFVKQKYLDYARV---PNSNPPEYEFFWGLRSYYETSKM	1,2,3,4,5,6,7,8,9,10,11,12,13,14,15,16,17,18,19,20,21,22,23,24,25,26,27,28,29,30,31,32,33,34,35,36,37,38,39,40,41,42,43,44,45,46,47,48,49,50,51,52,53,54,55,56,57,58,59,60,61,62,63,64,65,66,67,68,69,70,71,72,73,74,75,76,77,78,79,80,81,82,83,84,85,86,87,88,89,90,91,92,93,94,95,96,97,98,99,100,101,102,103,104,105,106,107,108,109,110,111,112,113,114,115,116,117,118,119,120,121,122,123,124,125,126,127,128,129,130,131,132,133,134,135,136,137,138,139,140,141,142,143,144,145,146,147,148,149,150,151,152,153,154,155,156,157,158,159,160,161,162,163,164,165,166,167,168,169,170,171,172,173,174,a174-0,175,176,177,178,179,180,181,182,183,184,185,186,187,188,189,190,191,192,193,194,195,196,197,198,199,200,201,202,203,204,205,206,207,208,209,210,211,212,213	ENSP00000336962.4	novel	GRCh37:X:join(54835765..54835809,54836155..54836250,54836305..54836646,54837254..54837562,54837683..54837746,54838007..54838086,54838590..54838684,54839378..54839457,54839551..54839593,54839921..54839983,54841094..54841208,54841681..54842115)	X	ENSG00000102316.12	ENST00000347546.4	protein_coding	protein_coding	16353	MAGED2	NP_803182	10916.0	588	1	213
20	ENSP00000347358.5	PF01454	MAGE	9.8e-13	43.2	229	397	LVRlalacesqrtpIrreeikkkvlgeqgkrafkkvfeeaqkqLrdvFGmeLvelpskeekkstessqekraaekakskkstrsksyiLvstlpeeyreaaaiiapskiesealeekeaaykGiltvvlslillsggsiseqeLekyLkrlgldenstsveitklklkldelLk.klvkqgYlvrekeskasdeeeekveyrvGpRakvEigee	LVHLLLRKYRVKGLITKAEMLGSVIKN-YEDYFPEIFREASVCMQLLFGIDVKEVDPT-------------------------SHSYVLVTSLNLSYD-GIQCNEQSMPKS-----------GLLIIVLGVIFMEGNCIPEEVMWEVLSIMGVYAG----REHFLFGEPKRLLTqNWVQEKYLVYRQV---PGTDPACYEFLWGPRAHAETSKM	1,2,3,4,5,6,7,8,9,10,11,12,13,14,15,16,17,18,19,20,21,22,23,24,25,26,27,28,29,30,31,32,33,34,35,36,37,38,39,40,41,42,43,44,45,46,47,48,49,50,51,52,53,54,55,56,57,58,59,60,61,62,63,64,65,66,67,68,69,70,71,72,73,74,75,76,77,78,79,80,81,82,83,84,85,86,87,88,89,90,91,92,93,94,95,96,97,98,99,100,101,102,103,104,105,106,107,108,109,110,111,112,113,114,115,116,117,118,119,120,121,122,123,124,125,126,127,128,129,130,131,132,133,134,135,136,137,138,139,140,141,142,143,144,145,146,147,148,149,150,151,152,153,154,155,156,157,158,159,160,161,162,163,164,165,166,167,168,169,170,171,172,173,174,a174-0,175,176,177,178,179,180,181,182,183,184,185,186,187,188,189,190,191,192,193,194,195,196,197,198,199,200,201,202,203,204,205,206,207,208,209,210,211,212,213	ENSP00000347358.5	known	GRCh37:X:join(148794820..148794915,148796141..148796236,148797264..148797337,148797413..148798436)	X	ENSG00000185247.10	ENST00000355220.5	protein_coding	protein_coding	6798	MAGEA11	NP_005357	4110.0	429	1	213
21	ENSP00000349085.5	PF01454	MAGE	7.2e-17	57.0	109	277	LVRlalacesqrtpIrreeikkkvlgeqgkrafkkvfeeaqkqLrdvFGmeLvelpskeekkstessqekraaekakskkstrsksyiLvstlpeeyreaaaiiapskiesealeekeaaykGiltvvlslillsggsiseqeLekyLkrlgldenstsveitklklkldelLk.klvkqgYlvrekeskasdeeeekveyrvGpRakvEigee	LVGFLLLKYRAREPVTKAEMLESVIKN-YKHCFPEIFGKASESLQLVFGIDVKEADPTG-------------------------HSYVLVTCLGLSYD---GLLGDNQIMP---------KTGFLIIVLVMIAMEGGHAPEEEIWEELSVMEVYDG----REHSAYGEPRKLLTqDLVQEKYLEYRQV---PDSDPARYEFLWGPRALAETSYV	1,2,3,4,5,6,7,8,9,10,11,12,13,14,15,16,17,18,19,20,21,22,23,24,25,26,27,28,29,30,31,32,33,34,35,36,37,38,39,40,41,42,43,44,45,46,47,48,49,50,51,52,53,54,55,56,57,58,59,60,61,62,63,64,65,66,67,68,69,70,71,72,73,74,75,76,77,78,79,80,81,82,83,84,85,86,87,88,89,90,91,92,93,94,95,96,97,98,99,100,101,102,103,104,105,106,107,108,109,110,111,112,113,114,115,116,117,118,119,120,121,122,123,124,125,126,127,128,129,130,131,132,133,134,135,136,137,138,139,140,141,142,143,144,145,146,147,148,149,150,151,152,153,154,155,156,157,158,159,160,161,162,163,164,165,166,167,168,169,170,171,172,173,174,a174-0,175,176,177,178,179,180,181,182,183,184,185,186,187,188,189,190,191,192,193,194,195,196,197,198,199,200,201,202,203,204,205,206,207,208,209,210,211,212,213	ENSP00000349085.5	known	GRCh37:X:complement(152482081..152483010)	X	ENSG00000198681.5	ENST00000356661.5	protein_coding	protein_coding	6796	MAGEA1	NP_004979	4100.0	309	1	213
22	ENSP00000350592.4	PF01454	MAGE	3e-14	48.3	116	284	LVRlalacesqrtpIrreeikkkvlgeqgkrafkkvfeeaqkqLrdvFGmeLvelpskeekkstessqekraaekakskkstrsksyiLvstlpeeyreaaaiiapskiesealeekeaaykGiltvvlslillsggsiseqeLekyLkrlgldenstsveitklklkldelLkklvkqgYlvrekeskasdeeeekveyrvGpRakvEigee	LVHFLLLKYRAREPFTKAEMLGSVIRNFQ-DFFPVIFSKASEYLQLVFGIEVVEVVRIG-------------------------HLYILVTCLGLSYD---GLLGDNQIVP---------KTGLLIIVLAIIAKEGDCAPEEKIWEELSVLEASDG---REDSVFAHPRKLLTQDLVQENYLEYRQV---PGSDPACYEFLWGPRALVETSYV	1,2,3,4,5,6,7,8,9,10,11,12,13,14,15,16,17,18,19,20,21,22,23,24,25,26,27,28,29,30,31,32,33,34,35,36,37,38,39,40,41,42,43,44,45,46,47,48,49,50,51,52,53,54,55,56,57,58,59,60,61,62,63,64,65,66,67,68,69,70,71,72,73,74,75,76,77,78,79,80,81,82,83,84,85,86,87,88,89,90,91,92,93,94,95,96,97,98,99,100,101,102,103,104,105,106,107,108,109,110,111,112,113,114,115,116,117,118,119,120,121,122,123,124,125,126,127,128,129,130,131,132,133,134,135,136,137,138,139,140,141,142,143,144,145,146,147,148,149,150,151,152,153,154,155,156,157,158,159,160,161,162,163,164,165,166,167,168,169,170,171,172,173,174,175,176,177,178,179,180,181,182,183,184,185,186,187,188,189,190,191,192,193,194,195,196,197,198,199,200,201,202,203,204,205,206,207,208,209,210,211,212,213	ENSP00000350592.4	known	GRCh37:X:complement(151899856..151900800)	X	ENSG00000213401.4	ENST00000357916.4	protein_coding	protein_coding	6799	MAGEA12	NP_005358	4111.0	314	1	213
23	ENSP00000353252.6	PF01454	MAGE	1e-21	73.1	420	587	LVRlalacesqrtpIrreeikkkvlgeqgkrafkkvfeeaqkqLrdvFGmeLvelpskeekkstessqekraaekakskkstrsksyiLvstlpeeyreaaaiiapskiesealeekeaaykGiltvvlslillsggsiseqeLekyLkrlgldenstsveitklklkldelLk.klvkqgYlvrekeskasdeeeekveyrvGpRakvEigee	LVKYLMIKDYKKIPIKRADMLKDVIREYD-EHFPEIIERATYTLEKKFGIHLKEIDKEE-------------------------HLYILVCTRDSSAR----LLGKTKDTP---------RLSLLLVILGVIFMNGNRASEAVLWEALRKMGLRPG---V-RHPFLGDLRKLITdDFVKQKYLEYKKI---PNSNPPEYEFLWGLRARHETSKM	1,2,3,4,5,6,7,8,9,10,11,12,13,14,15,16,17,18,19,20,21,22,23,24,25,26,27,28,29,30,31,32,33,34,35,36,37,38,39,40,41,42,43,44,45,46,47,48,49,50,51,52,53,54,55,56,57,58,59,60,61,62,63,64,65,66,67,68,69,70,71,72,73,74,75,76,77,78,79,80,81,82,83,84,85,86,87,88,89,90,91,92,93,94,95,96,97,98,99,100,101,102,103,104,105,106,107,108,109,110,111,112,113,114,115,116,117,118,119,120,121,122,123,124,125,126,127,128,129,130,131,132,133,134,135,136,137,138,139,140,141,142,143,144,145,146,147,148,149,150,151,152,153,154,155,156,157,158,159,160,161,162,163,164,165,166,167,168,169,170,171,172,173,174,a174-0,175,176,177,178,179,180,181,182,183,184,185,186,187,188,189,190,191,192,193,194,195,196,197,198,199,200,201,202,203,204,205,206,207,208,209,210,211,212,213	ENSP00000353252.6	known	GRCh37:X:complement(join(51811059..51811268,51809961..51810794,51809346..51809549,51809179..51809242,51808906..51808985,51808426..51808517,51807725..51807804,51807597..51807639,51807143..51807205,51806083..51806197,51805326..51805760))	X	ENSG00000187243.12	ENST00000360134.6	protein_coding	protein_coding	22880	MAGED4B		81557.0	739	1	213
24	ENSP00000353379.2	PF01454	MAGE	9.6e-13	43.2	117	285	LVRlalacesqrtpIrreeikkkvlgeqgkrafkkvfeeaqkqLrdvFGmeLvelpskeekkstessqekraaekakskkstrsksyiLvstlpeeyreaaaiiapskiesealeekeaaykGiltvvlslillsggsiseqeLekyLkrlgldenstsveitklklkldelLk.klvkqgYlvrekeskasdeeeekveyrvGpRakvEigee	LAHFLLRKYRAKELVTKAEMLERVIKN-YKRCFPVIFGKASESLKMIFGIDVKEVDPA-------------------------SNTYTLVTCLGLSYD---GLLGNNQIFP---------KTGLLIIVLGTIAMEGDSASEEEIWEELGVMGVYDG----REHTVYGEPRKLLTqDWVQENYLEYRQV---PGSNPARYEFLWGPRALAETSYV	1,2,3,4,5,6,7,8,9,10,11,12,13,14,15,16,17,18,19,20,21,22,23,24,25,26,27,28,29,30,31,32,33,34,35,36,37,38,39,40,41,42,43,44,45,46,47,48,49,50,51,52,53,54,55,56,57,58,59,60,61,62,63,64,65,66,67,68,69,70,71,72,73,74,75,76,77,78,79,80,81,82,83,84,85,86,87,88,89,90,91,92,93,94,95,96,97,98,99,100,101,102,103,104,105,106,107,108,109,110,111,112,113,114,115,116,117,118,119,120,121,122,123,124,125,126,127,128,129,130,131,132,133,134,135,136,137,138,139,140,141,142,143,144,145,146,147,148,149,150,151,152,153,154,155,156,157,158,159,160,161,162,163,164,165,166,167,168,169,170,171,172,173,174,a174-0,175,176,177,178,179,180,181,182,183,184,185,186,187,188,189,190,191,192,193,194,195,196,197,198,199,200,201,202,203,204,205,206,207,208,209,210,211,212,213	ENSP00000353379.2	known	GRCh37:X:151092137..151093090	X	ENSG00000147381.7	ENST00000360243.2	protein_coding	protein_coding	6802	MAGEA4	NP_001011550	4103.0	317	1	213
25	ENSP00000354912.2	PF01454	MAGE	2.7e-18	61.7	498	666	LVRlalacesqrtpIrreeikkkvlgeqgkrafkkvfeeaqkqLrdvFGmeLvelpskeekkstessqekraaekakskkstrsksyiLvstlpeeyreaaaiiapskiesealeekeaaykGiltvvlslillsggsiseqeLekyLkrlgldenstsveitklklkldelLk.klvkqgYlvrekeskasdeeeekveyrvGpRakvEigee	LLQFLLVKDQSKYPIRESEMREYIVKE-YRNQFPEILRRAAAHLECIFRFELRELDPE-------------------------AHTYILLNKLGP----VPFEGLEESPNG--------PKMGLLMMILGQIFLNGNQAKEAEIWEMLWRMGVQRE----RRLSIFGNPKRLLSvEFVWQRYLDYRPV---TDCKPVEYEFFWGPRSHLETTKM	1,2,3,4,5,6,7,8,9,10,11,12,13,14,15,16,17,18,19,20,21,22,23,24,25,26,27,28,29,30,31,32,33,34,35,36,37,38,39,40,41,42,43,44,45,46,47,48,49,50,51,52,53,54,55,56,57,58,59,60,61,62,63,64,65,66,67,68,69,70,71,72,73,74,75,76,77,78,79,80,81,82,83,84,85,86,87,88,89,90,91,92,93,94,95,96,97,98,99,100,101,102,103,104,105,106,107,108,109,110,111,112,113,114,115,116,117,118,119,120,121,122,123,124,125,126,127,128,129,130,131,132,133,134,135,136,137,138,139,140,141,142,143,144,145,146,147,148,149,150,151,152,153,154,155,156,157,158,159,160,161,162,163,164,165,166,167,168,169,170,171,172,173,174,a174-0,175,176,177,178,179,180,181,182,183,184,185,186,187,188,189,190,191,192,193,194,195,196,197,198,199,200,201,202,203,204,205,206,207,208,209,210,211,212,213	ENSP00000354912.2	known	GRCh37:X:75648324..75651197	X	ENSG00000198934.3	ENST00000361470.2	protein_coding	protein_coding	24934	MAGEE1	NP_065983	57692.0	957	1	213
26	ENSP00000354912.2	PF01454	MAGE	1e-11	39.8	752	912	LVRlalacesqrtpIrreeikkkvlgeqgkrafkkvfeeaqkqLrdvFGmeLvelpskeekkstessqekraaekakskkstrsksyiLvstlpeeyreaaaiiapskiesealeekeaaykGiltvvlslillsggsiseqeLekyLkrlgldenstsveitklklkldelLkklvkqgYlvrekeskasdeeeekveyrvGpRakvEigee	LVQLFLLMDSTKLPIPKKGILY-YIGRECSKVFPDLLNRAARTLNHVYGTELVVLDPRN-------------------------HSYTLYNRREMEETEEIVDSPNRPGNN------------FLMQVLSFIFIMGNHARESAVWAFLRGLGVQAG-----------RKHVITCRYLSQRYIDSLRV---PDSDPVQYEFVWGPRARLETSKM	1,2,3,4,5,6,7,8,9,10,11,12,13,14,15,16,17,18,19,20,21,22,23,24,25,26,27,28,29,30,31,32,33,34,35,36,37,38,39,40,41,42,43,44,45,46,47,48,49,50,51,52,53,54,55,56,57,58,59,60,61,62,63,64,65,66,67,68,69,70,71,72,73,74,75,76,77,78,79,80,81,82,83,84,85,86,87,88,89,90,91,92,93,94,95,96,97,98,99,100,101,102,103,104,105,106,107,108,109,110,111,112,113,114,115,116,117,118,119,120,121,122,123,124,125,126,127,128,129,130,131,132,133,134,135,136,137,138,139,140,141,142,143,144,145,146,147,148,149,150,151,152,153,154,155,156,157,158,159,160,161,162,163,164,165,166,167,168,169,170,171,172,173,174,175,176,177,178,179,180,181,182,183,184,185,186,187,188,189,190,191,192,193,194,195,196,197,198,199,200,201,202,203,204,205,206,207,208,209,210,211,212,213	ENSP00000354912.2	known	GRCh37:X:75648324..75651197	X	ENSG00000198934.3	ENST00000361470.2	protein_coding	protein_coding	24934	MAGEE1	NP_065983	57692.0	957	1	213
27	ENSP00000355198.2	PF01454	MAGE	3.1e-14	48.2	118	286	LVRlalacesqrtpIrreeikkkvlgeqgkrafkkvfeeaqkqLrdvFGmeLvelpskeekkstessqekraaekakskkstrsksyiLvstlpeeyreaaaiiapskiesealeekeaaykGiltvvlslillsggsiseqeLekyLkrlgldenstsveitklklkldelLk.klvkqgYlvrekeskasdeeeekveyrvGpRakvEigee	LVQFLMEMYKMKKPIMKADMLK-IVQKSHKNCFPEILKKASFNMEVVFGVDLKKVDSTK-------------------------DSYVLVSKMDLPNN--GTVTRGRGFPK----------TGLLLNLLGVIFMKGNCATEEKIWEFLNKMRIYDG----KKHFIFGEPRKLITqDLVKLKYLEYRQV---PNSNPARYEFLWGPRAHAETSKM	1,2,3,4,5,6,7,8,9,10,11,12,13,14,15,16,17,18,19,20,21,22,23,24,25,26,27,28,29,30,31,32,33,34,35,36,37,38,39,40,41,42,43,44,45,46,47,48,49,50,51,52,53,54,55,56,57,58,59,60,61,62,63,64,65,66,67,68,69,70,71,72,73,74,75,76,77,78,79,80,81,82,83,84,85,86,87,88,89,90,91,92,93,94,95,96,97,98,99,100,101,102,103,104,105,106,107,108,109,110,111,112,113,114,115,116,117,118,119,120,121,122,123,124,125,126,127,128,129,130,131,132,133,134,135,136,137,138,139,140,141,142,143,144,145,146,147,148,149,150,151,152,153,154,155,156,157,158,159,160,161,162,163,164,165,166,167,168,169,170,171,172,173,174,a174-0,175,176,177,178,179,180,181,182,183,184,185,186,187,188,189,190,191,192,193,194,195,196,197,198,199,200,201,202,203,204,205,206,207,208,209,210,211,212,213	ENSP00000355198.2	known	GRCh37:X:30254042..30255082	X	ENSG00000198798.4	ENST00000361644.2	protein_coding	protein_coding	6810	MAGEB3	NP_002356	4114.0	346	1	213
28	ENSP00000359301.3	PF01454	MAGE	5e-13	44.2	116	284	LVRlalacesqrtpIrreeikkkvlgeqgkrafkkvfeeaqkqLrdvFGmeLvelpskeekkstessqekraaekakskkstrsksyiLvstlpeeyreaaaiiapskiesealeekeaaykGiltvvlslillsggsiseqeLekyLkrlgldenstsveitklklkldelLk.klvkqgYlvrekeskasdeeeekveyrvGpRakvEigee	LVHFLLLKYRAREPVTKAEMLGSVVGN-WQYFFPVIFSKASSSLQLVFGIELMEVDPIG-------------------------HLYIFATCLGLSYD---GLLGDNQIMP---------KAGLLIIVLAIIAREGDCAPEEKIWEELSVLEVFEG----REDSILGDPKKLLTqHFVQENYLEYRQV---PGSDPACYEFLWGPRALVETSYV	1,2,3,4,5,6,7,8,9,10,11,12,13,14,15,16,17,18,19,20,21,22,23,24,25,26,27,28,29,30,31,32,33,34,35,36,37,38,39,40,41,42,43,44,45,46,47,48,49,50,51,52,53,54,55,56,57,58,59,60,61,62,63,64,65,66,67,68,69,70,71,72,73,74,75,76,77,78,79,80,81,82,83,84,85,86,87,88,89,90,91,92,93,94,95,96,97,98,99,100,101,102,103,104,105,106,107,108,109,110,111,112,113,114,115,116,117,118,119,120,121,122,123,124,125,126,127,128,129,130,131,132,133,134,135,136,137,138,139,140,141,142,143,144,145,146,147,148,149,150,151,152,153,154,155,156,157,158,159,160,161,162,163,164,165,166,167,168,169,170,171,172,173,174,a174-0,175,176,177,178,179,180,181,182,183,184,185,186,187,188,189,190,191,192,193,194,195,196,197,198,199,200,201,202,203,204,205,206,207,208,209,210,211,212,213	ENSP00000359301.3	known	GRCh37:X:complement(151935222..151936166)	X	ENSG00000221867.4	ENST00000370278.3	protein_coding	protein_coding	6801	MAGEA3	NP_005353	4102.0	314	1	213
29	ENSP00000359307.1	PF01454	MAGE	3.3e-18	61.4	116	284	LVRlalacesqrtpIrreeikkkvlgeqgkrafkkvfeeaqkqLrdvFGmeLvelpskeekkstessqekraaekakskkstrsksyiLvstlpeeyreaaaiiapskiesealeekeaaykGiltvvlslillsggsiseqeLekyLkrlgldenstsveitklklkldelLkklvkqgYlvrekeskasdeeeekveyrvGpRakvEigee	LVHFLLLKYRAREPVTKAEMLESVLRNCQ-DFFPVIFSKASEYLQLVFGIEVVEVVPI-------------------------SHLYILVTCLGLSYD---GLLGDNQVMP---------KTGLLIIVLAIIAIEGDCAPEEKIWEELSMLEVFEG---REDSVFAHPRKLLMQDLVQENYLEYRQV---PGSDPACYEFLWGPRALIETSYV	1,2,3,4,5,6,7,8,9,10,11,12,13,14,15,16,17,18,19,20,21,22,23,24,25,26,27,28,29,30,31,32,33,34,35,36,37,38,39,40,41,42,43,44,45,46,47,48,49,50,51,52,53,54,55,56,57,58,59,60,61,62,63,64,65,66,67,68,69,70,71,72,73,74,75,76,77,78,79,80,81,82,83,84,85,86,87,88,89,90,91,92,93,94,95,96,97,98,99,100,101,102,103,104,105,106,107,108,109,110,111,112,113,114,115,116,117,118,119,120,121,122,123,124,125,126,127,128,129,130,131,132,133,134,135,136,137,138,139,140,141,142,143,144,145,146,147,148,149,150,151,152,153,154,155,156,157,158,159,160,161,162,163,164,165,166,167,168,169,170,171,172,173,174,175,176,177,178,179,180,181,182,183,184,185,186,187,188,189,190,191,192,193,194,195,196,197,198,199,200,201,202,203,204,205,206,207,208,209,210,211,212,213	ENSP00000359307.1	known	GRCh37:X:complement(151918943..151919887)	X	ENSG00000184750.11	ENST00000370284.1	protein_coding	protein_coding	6800	MAGEA2	NP_705692	4101.0	314	1	213
30	ENSP00000359316.2	PF01454	MAGE	3.3e-18	61.4	116	284	LVRlalacesqrtpIrreeikkkvlgeqgkrafkkvfeeaqkqLrdvFGmeLvelpskeekkstessqekraaekakskkstrsksyiLvstlpeeyreaaaiiapskiesealeekeaaykGiltvvlslillsggsiseqeLekyLkrlgldenstsveitklklkldelLkklvkqgYlvrekeskasdeeeekveyrvGpRakvEigee	LVHFLLLKYRAREPVTKAEMLESVLRNCQ-DFFPVIFSKASEYLQLVFGIEVVEVVPI-------------------------SHLYILVTCLGLSYD---GLLGDNQVMP---------KTGLLIIVLAIIAIEGDCAPEEKIWEELSMLEVFEG---REDSVFAHPRKLLMQDLVQENYLEYRQV---PGSDPACYEFLWGPRALIETSYV	1,2,3,4,5,6,7,8,9,10,11,12,13,14,15,16,17,18,19,20,21,22,23,24,25,26,27,28,29,30,31,32,33,34,35,36,37,38,39,40,41,42,43,44,45,46,47,48,49,50,51,52,53,54,55,56,57,58,59,60,61,62,63,64,65,66,67,68,69,70,71,72,73,74,75,76,77,78,79,80,81,82,83,84,85,86,87,88,89,90,91,92,93,94,95,96,97,98,99,100,101,102,103,104,105,106,107,108,109,110,111,112,113,114,115,116,117,118,119,120,121,122,123,124,125,126,127,128,129,130,131,132,133,134,135,136,137,138,139,140,141,142,143,144,145,146,147,148,149,150,151,152,153,154,155,156,157,158,159,160,161,162,163,164,165,166,167,168,169,170,171,172,173,174,175,176,177,178,179,180,181,182,183,184,185,186,187,188,189,190,191,192,193,194,195,196,197,198,199,200,201,202,203,204,205,206,207,208,209,210,211,212,213	ENSP00000359316.2	known	GRCh37:X:151885596..151886540	X	ENSG00000183305.9	ENST00000370293.2	protein_coding	protein_coding	19340	MAGEA2B	NP_705692	4101.0	314	1	213
31	ENSP00000359347.4	PF01454	MAGE	1.5e-16	55.9	141	309	LVRlalacesqrtpIrreeikkkvlgeqgkrafkkvfeeaqkqLrdvFGmeLvelpskeekkstessqekraaekakskkstrsksyiLvstlpeeyreaaaiiapskiesealeekeaaykGiltvvlslillsggsiseqeLekyLkrlgldenstsveitklklkldelLk.klvkqgYlvrekeskasdeeeekveyrvGpRakvEigee	LVQFLLFKYQMKEPITKAEILESVIRN-YEDHFPLLFSEASECMLLVFGIDVKEVDPTG-------------------------HSFVLVTSLGLTYD--GMLSDVQSMPK----------TGILILILSIVFIEGYCTPEEVIWEALNMMGLYDG----MEHLIYGEPRKLLTqDWVQENYLEYRQV---PGSDPARYEFLWGPRAHAEIRKM	1,2,3,4,5,6,7,8,9,10,11,12,13,14,15,16,17,18,19,20,21,22,23,24,25,26,27,28,29,30,31,32,33,34,35,36,37,38,39,40,41,42,43,44,45,46,47,48,49,50,51,52,53,54,55,56,57,58,59,60,61,62,63,64,65,66,67,68,69,70,71,72,73,74,75,76,77,78,79,80,81,82,83,84,85,86,87,88,89,90,91,92,93,94,95,96,97,98,99,100,101,102,103,104,105,106,107,108,109,110,111,112,113,114,115,116,117,118,119,120,121,122,123,124,125,126,127,128,129,130,131,132,133,134,135,136,137,138,139,140,141,142,143,144,145,146,147,148,149,150,151,152,153,154,155,156,157,158,159,160,161,162,163,164,165,166,167,168,169,170,171,172,173,174,a174-0,175,176,177,178,179,180,181,182,183,184,185,186,187,188,189,190,191,192,193,194,195,196,197,198,199,200,201,202,203,204,205,206,207,208,209,210,211,212,213	ENSP00000359347.4	known	GRCh37:X:complement(151302983..151304092)	X	ENSG00000124260.7	ENST00000370323.4	protein_coding	protein_coding	6797	MAGEA10	NP_001238757	4109.0	369	1	213
32	ENSP00000359360.1	PF01454	MAGE	9.6e-13	43.2	117	285	LVRlalacesqrtpIrreeikkkvlgeqgkrafkkvfeeaqkqLrdvFGmeLvelpskeekkstessqekraaekakskkstrsksyiLvstlpeeyreaaaiiapskiesealeekeaaykGiltvvlslillsggsiseqeLekyLkrlgldenstsveitklklkldelLk.klvkqgYlvrekeskasdeeeekveyrvGpRakvEigee	LAHFLLRKYRAKELVTKAEMLERVIKN-YKRCFPVIFGKASESLKMIFGIDVKEVDPA-------------------------SNTYTLVTCLGLSYD---GLLGNNQIFP---------KTGLLIIVLGTIAMEGDSASEEEIWEELGVMGVYDG----REHTVYGEPRKLLTqDWVQENYLEYRQV---PGSNPARYEFLWGPRALAETSYV	1,2,3,4,5,6,7,8,9,10,11,12,13,14,15,16,17,18,19,20,21,22,23,24,25,26,27,28,29,30,31,32,33,34,35,36,37,38,39,40,41,42,43,44,45,46,47,48,49,50,51,52,53,54,55,56,57,58,59,60,61,62,63,64,65,66,67,68,69,70,71,72,73,74,75,76,77,78,79,80,81,82,83,84,85,86,87,88,89,90,91,92,93,94,95,96,97,98,99,100,101,102,103,104,105,106,107,108,109,110,111,112,113,114,115,116,117,118,119,120,121,122,123,124,125,126,127,128,129,130,131,132,133,134,135,136,137,138,139,140,141,142,143,144,145,146,147,148,149,150,151,152,153,154,155,156,157,158,159,160,161,162,163,164,165,166,167,168,169,170,171,172,173,174,a174-0,175,176,177,178,179,180,181,182,183,184,185,186,187,188,189,190,191,192,193,194,195,196,197,198,199,200,201,202,203,204,205,206,207,208,209,210,211,212,213	ENSP00000359360.1	known	GRCh37:X:151092137..151093090	X	ENSG00000147381.7	ENST00000370335.1	protein_coding	protein_coding	6802	MAGEA4	XP_005274734	4103.0	317	1	213
33	ENSP00000359362.4	PF01454	MAGE	9.6e-13	43.2	117	285	LVRlalacesqrtpIrreeikkkvlgeqgkrafkkvfeeaqkqLrdvFGmeLvelpskeekkstessqekraaekakskkstrsksyiLvstlpeeyreaaaiiapskiesealeekeaaykGiltvvlslillsggsiseqeLekyLkrlgldenstsveitklklkldelLk.klvkqgYlvrekeskasdeeeekveyrvGpRakvEigee	LAHFLLRKYRAKELVTKAEMLERVIKN-YKRCFPVIFGKASESLKMIFGIDVKEVDPA-------------------------SNTYTLVTCLGLSYD---GLLGNNQIFP---------KTGLLIIVLGTIAMEGDSASEEEIWEELGVMGVYDG----REHTVYGEPRKLLTqDWVQENYLEYRQV---PGSNPARYEFLWGPRALAETSYV	1,2,3,4,5,6,7,8,9,10,11,12,13,14,15,16,17,18,19,20,21,22,23,24,25,26,27,28,29,30,31,32,33,34,35,36,37,38,39,40,41,42,43,44,45,46,47,48,49,50,51,52,53,54,55,56,57,58,59,60,61,62,63,64,65,66,67,68,69,70,71,72,73,74,75,76,77,78,79,80,81,82,83,84,85,86,87,88,89,90,91,92,93,94,95,96,97,98,99,100,101,102,103,104,105,106,107,108,109,110,111,112,113,114,115,116,117,118,119,120,121,122,123,124,125,126,127,128,129,130,131,132,133,134,135,136,137,138,139,140,141,142,143,144,145,146,147,148,149,150,151,152,153,154,155,156,157,158,159,160,161,162,163,164,165,166,167,168,169,170,171,172,173,174,a174-0,175,176,177,178,179,180,181,182,183,184,185,186,187,188,189,190,191,192,193,194,195,196,197,198,199,200,201,202,203,204,205,206,207,208,209,210,211,212,213	ENSP00000359362.4	known	GRCh37:X:151092137..151093090	X	ENSG00000147381.7	ENST00000370337.4	protein_coding	protein_coding	6802	MAGEA4	NP_002353	4103.0	317	1	213
34	ENSP00000359365.3	PF01454	MAGE	9.6e-13	43.2	117	285	LVRlalacesqrtpIrreeikkkvlgeqgkrafkkvfeeaqkqLrdvFGmeLvelpskeekkstessqekraaekakskkstrsksyiLvstlpeeyreaaaiiapskiesealeekeaaykGiltvvlslillsggsiseqeLekyLkrlgldenstsveitklklkldelLk.klvkqgYlvrekeskasdeeeekveyrvGpRakvEigee	LAHFLLRKYRAKELVTKAEMLERVIKN-YKRCFPVIFGKASESLKMIFGIDVKEVDPA-------------------------SNTYTLVTCLGLSYD---GLLGNNQIFP---------KTGLLIIVLGTIAMEGDSASEEEIWEELGVMGVYDG----REHTVYGEPRKLLTqDWVQENYLEYRQV---PGSNPARYEFLWGPRALAETSYV	1,2,3,4,5,6,7,8,9,10,11,12,13,14,15,16,17,18,19,20,21,22,23,24,25,26,27,28,29,30,31,32,33,34,35,36,37,38,39,40,41,42,43,44,45,46,47,48,49,50,51,52,53,54,55,56,57,58,59,60,61,62,63,64,65,66,67,68,69,70,71,72,73,74,75,76,77,78,79,80,81,82,83,84,85,86,87,88,89,90,91,92,93,94,95,96,97,98,99,100,101,102,103,104,105,106,107,108,109,110,111,112,113,114,115,116,117,118,119,120,121,122,123,124,125,126,127,128,129,130,131,132,133,134,135,136,137,138,139,140,141,142,143,144,145,146,147,148,149,150,151,152,153,154,155,156,157,158,159,160,161,162,163,164,165,166,167,168,169,170,171,172,173,174,a174-0,175,176,177,178,179,180,181,182,183,184,185,186,187,188,189,190,191,192,193,194,195,196,197,198,199,200,201,202,203,204,205,206,207,208,209,210,211,212,213	ENSP00000359365.3	known	GRCh37:X:151092137..151093090	X	ENSG00000147381.7	ENST00000370340.3	protein_coding	protein_coding	6802	MAGEA4	XP_005274734	4103.0	317	1	213
35	ENSP00000362457.2	PF01454	MAGE	2e-09	32.2	95	264	LVRlalacesqrtpIrreeikkkvlgeqgkrafkkvfeeaqkqLrdvFGmeLvelpskeekkstessqekraaekakskkstrsksyiLvstlpeeyreaaaiiapskiesealeekeaaykGiltvvlslillsggsiseqeLekyLkrlgldenstsveitklklkldelLk.klvkqgYlvrekeskasdeeeekveyrvGpRakvEigee	LVNFMRMKSQTEGSIQQSEMLE-FLRE-YSDQFPEILRRASAHLDQVFGLNLRVIDPQ-------------------------ADTYNLVSKRGFQITDRIAESLDMPKAS------------LLALVLGHILLNGNRAREASIWDLLLKVDMWDK--PQRINNLFGNTRNLLTtDFVCMRFLEYWPV---YGTNPLEFEFLWGSRAHREITKM	1,2,3,4,5,6,7,8,9,10,11,12,13,14,15,16,17,18,19,20,21,22,23,24,25,26,27,28,29,30,31,32,33,34,35,36,37,38,39,40,41,42,43,44,45,46,47,48,49,50,51,52,53,54,55,56,57,58,59,60,61,62,63,64,65,66,67,68,69,70,71,72,73,74,75,76,77,78,79,80,81,82,83,84,85,86,87,88,89,90,91,92,93,94,95,96,97,98,99,100,101,102,103,104,105,106,107,108,109,110,111,112,113,114,115,116,117,118,119,120,121,122,123,124,125,126,127,128,129,130,131,132,133,134,135,136,137,138,139,140,141,142,143,144,145,146,147,148,149,150,151,152,153,154,155,156,157,158,159,160,161,162,163,164,165,166,167,168,169,170,171,172,173,174,a174-0,175,176,177,178,179,180,181,182,183,184,185,186,187,188,189,190,191,192,193,194,195,196,197,198,199,200,201,202,203,204,205,206,207,208,209,210,211,212,213	ENSP00000362457.2	known	GRCh37:X:complement(75003315..75004886)	X	ENSG00000186675.5	ENST00000373359.2	protein_coding	protein_coding	24935	MAGEE2	NP_619648	139599.0	523	1	213
36	ENSP00000362457.2	PF01454	MAGE	2e-07	25.6	318	478	LVRlalacesqrtpIrreeikkkvlgeqgkrafkkvfeeaqkqLrdvFGmeLvelpskeekkstessqekraaekakskkstrsksyiLvstlpeeyreaaaiiapskiesealeekeaaykGiltvvlslillsggsiseqeLekyLkrlgldenstsveitklklkldelLkklvkqgYlvrekeskasdeeeekveyrvGpRakvEigee	LVQLAISVTEEMLPIHQDELLA-HTGKEFEDVFPNILNRATLILDMFYGLSLIEVDTSE-------------------------HIYLLVQQPESEEEQVMLESLGRPTQE------------YVMPILGLIFLMGNRVKEANVWNLLRRFSVDVG-----------RKHSITRKLMRQRYLECRPL---SYSNPVEYELLWGPRAHHETIKM	1,2,3,4,5,6,7,8,9,10,11,12,13,14,15,16,17,18,19,20,21,22,23,24,25,26,27,28,29,30,31,32,33,34,35,36,37,38,39,40,41,42,43,44,45,46,47,48,49,50,51,52,53,54,55,56,57,58,59,60,61,62,63,64,65,66,67,68,69,70,71,72,73,74,75,76,77,78,79,80,81,82,83,84,85,86,87,88,89,90,91,92,93,94,95,96,97,98,99,100,101,102,103,104,105,106,107,108,109,110,111,112,113,114,115,116,117,118,119,120,121,122,123,124,125,126,127,128,129,130,131,132,133,134,135,136,137,138,139,140,141,142,143,144,145,146,147,148,149,150,151,152,153,154,155,156,157,158,159,160,161,162,163,164,165,166,167,168,169,170,171,172,173,174,175,176,177,178,179,180,181,182,183,184,185,186,187,188,189,190,191,192,193,194,195,196,197,198,199,200,201,202,203,204,205,206,207,208,209,210,211,212,213	ENSP00000362457.2	known	GRCh37:X:complement(75003315..75004886)	X	ENSG00000186675.5	ENST00000373359.2	protein_coding	protein_coding	24935	MAGEE2	NP_619648	139599.0	523	1	213
37	ENSP00000364162.4	PF01454	MAGE	7.2e-21	70.2	451	618	LVRlalacesqrtpIrreeikkkvlgeqgkrafkkvfeeaqkqLrdvFGmeLvelpskeekkstessqekraaekakskkstrsksyiLvstlpeeyreaaaiiapskiesealeekeaaykGiltvvlslillsggsiseqeLekyLkrlgldenstsveitklklkldelLk.klvkqgYlvrekeskasdeeeekveyrvGpRakvEigee	LVKYLLVKDQTKIPIKRSDMLRDVIQEYD-EYFPEIIERASYTLEKMFRVNLKEIDKQ-------------------------SSLYILISTQES----SAGILGTTKDTP---------KLGLLMVILSVIFMNGNKASEAVIWEVLRKLGLRPG---V-RHSLFGEVRKLITdEFVKQKYLEYKRV---PNSRPPEYEFFWGLRSYHETSKM	1,2,3,4,5,6,7,8,9,10,11,12,13,14,15,16,17,18,19,20,21,22,23,24,25,26,27,28,29,30,31,32,33,34,35,36,37,38,39,40,41,42,43,44,45,46,47,48,49,50,51,52,53,54,55,56,57,58,59,60,61,62,63,64,65,66,67,68,69,70,71,72,73,74,75,76,77,78,79,80,81,82,83,84,85,86,87,88,89,90,91,92,93,94,95,96,97,98,99,100,101,102,103,104,105,106,107,108,109,110,111,112,113,114,115,116,117,118,119,120,121,122,123,124,125,126,127,128,129,130,131,132,133,134,135,136,137,138,139,140,141,142,143,144,145,146,147,148,149,150,151,152,153,154,155,156,157,158,159,160,161,162,163,164,165,166,167,168,169,170,171,172,173,174,a174-0,175,176,177,178,179,180,181,182,183,184,185,186,187,188,189,190,191,192,193,194,195,196,197,198,199,200,201,202,203,204,205,206,207,208,209,210,211,212,213	ENSP00000364162.4	known	GRCh37:X:join(54948680..54948724,54949011..54950201,54950884..54950988,54951103..54951166,54951422..54951501,54952025..54952116,54952843..54952922,54953016..54953058,54953476..54953538,54954100..54954214,54955036..54955143,54957637..54957771)	X	ENSG00000067445.16	ENST00000375022.4	protein_coding	protein_coding	12326	TRO	NP_808224	7216.0	706	1	213
38	ENSP00000364181.2	PF01454	MAGE	7.2e-21	70.2	54	221	LVRlalacesqrtpIrreeikkkvlgeqgkrafkkvfeeaqkqLrdvFGmeLvelpskeekkstessqekraaekakskkstrsksyiLvstlpeeyreaaaiiapskiesealeekeaaykGiltvvlslillsggsiseqeLekyLkrlgldenstsveitklklkldelLk.klvkqgYlvrekeskasdeeeekveyrvGpRakvEigee	LVKYLLVKDQTKIPIKRSDMLRDVIQEYD-EYFPEIIERASYTLEKMFRVNLKEIDKQ-------------------------SSLYILISTQES----SAGILGTTKDTP---------KLGLLMVILSVIFMNGNKASEAVIWEVLRKLGLRPG---V-RHSLFGEVRKLITdEFVKQKYLEYKRV---PNSRPPEYEFFWGLRSYHETSKM	1,2,3,4,5,6,7,8,9,10,11,12,13,14,15,16,17,18,19,20,21,22,23,24,25,26,27,28,29,30,31,32,33,34,35,36,37,38,39,40,41,42,43,44,45,46,47,48,49,50,51,52,53,54,55,56,57,58,59,60,61,62,63,64,65,66,67,68,69,70,71,72,73,74,75,76,77,78,79,80,81,82,83,84,85,86,87,88,89,90,91,92,93,94,95,96,97,98,99,100,101,102,103,104,105,106,107,108,109,110,111,112,113,114,115,116,117,118,119,120,121,122,123,124,125,126,127,128,129,130,131,132,133,134,135,136,137,138,139,140,141,142,143,144,145,146,147,148,149,150,151,152,153,154,155,156,157,158,159,160,161,162,163,164,165,166,167,168,169,170,171,172,173,174,a174-0,175,176,177,178,179,180,181,182,183,184,185,186,187,188,189,190,191,192,193,194,195,196,197,198,199,200,201,202,203,204,205,206,207,208,209,210,211,212,213	ENSP00000364181.2	known	GRCh37:X:join(54948680..54948724,54950884..54950988,54951103..54951166,54951422..54951501,54952025..54952116,54952843..54952922,54953016..54953058,54953476..54953538,54954100..54954214,54955036..54957453)	X	ENSG00000067445.16	ENST00000375041.2	protein_coding	protein_coding	12326	TRO	NP_001258113	7216.0	1034	1	213
39	ENSP00000364193.2	PF01454	MAGE	3.9e-24	81.1	286	454	LVRlalacesqrtpIrreeikkkvlgeqgkrafkkvfeeaqkqLrdvFGmeLvelpskeekkstessqekraaekakskkstrsksyiLvstlpeeyreaaaiiapskiesealeekeaaykGiltvvlslillsggsiseqeLekyLkrlgldenstsveitklklkldelLk.klvkqgYlvrekeskasdeeeekveyrvGpRakvEigee	LVKYLLAKDQTKIPIKRSDMLKDIIKE-YTDVYPEIIERAGYSLEKVFGIQLKEIDKND-------------------------HLYILLSTLEP---TDAGILGTTKDSP---------KLGLLMVLLSIIFMNGNRSSEAVIWEVLRKLGLRPG---I-HHSLFGDVKKLITdEFVKQKYLDYARV---PNSNPPEYEFFWGLRSYYETSKM	1,2,3,4,5,6,7,8,9,10,11,12,13,14,15,16,17,18,19,20,21,22,23,24,25,26,27,28,29,30,31,32,33,34,35,36,37,38,39,40,41,42,43,44,45,46,47,48,49,50,51,52,53,54,55,56,57,58,59,60,61,62,63,64,65,66,67,68,69,70,71,72,73,74,75,76,77,78,79,80,81,82,83,84,85,86,87,88,89,90,91,92,93,94,95,96,97,98,99,100,101,102,103,104,105,106,107,108,109,110,111,112,113,114,115,116,117,118,119,120,121,122,123,124,125,126,127,128,129,130,131,132,133,134,135,136,137,138,139,140,141,142,143,144,145,146,147,148,149,150,151,152,153,154,155,156,157,158,159,160,161,162,163,164,165,166,167,168,169,170,171,172,173,174,a174-0,175,176,177,178,179,180,181,182,183,184,185,186,187,188,189,190,191,192,193,194,195,196,197,198,199,200,201,202,203,204,205,206,207,208,209,210,211,212,213	ENSP00000364193.2	known	GRCh37:X:join(54835765..54835809,54836155..54836646,54837254..54837562,54837683..54837746,54838007..54838086,54838590..54838684,54839378..54839457,54839551..54839593,54839921..54839983,54841094..54841208,54841681..54842115)	X	ENSG00000102316.12	ENST00000375053.2	protein_coding	protein_coding	16353	MAGED2		10916.0	606	1	213
40	ENSP00000364198.1	PF01454	MAGE	3.9e-24	81.1	286	454	LVRlalacesqrtpIrreeikkkvlgeqgkrafkkvfeeaqkqLrdvFGmeLvelpskeekkstessqekraaekakskkstrsksyiLvstlpeeyreaaaiiapskiesealeekeaaykGiltvvlslillsggsiseqeLekyLkrlgldenstsveitklklkldelLk.klvkqgYlvrekeskasdeeeekveyrvGpRakvEigee	LVKYLLAKDQTKIPIKRSDMLKDIIKE-YTDVYPEIIERAGYSLEKVFGIQLKEIDKND-------------------------HLYILLSTLEP---TDAGILGTTKDSP---------KLGLLMVLLSIIFMNGNRSSEAVIWEVLRKLGLRPG---I-HHSLFGDVKKLITdEFVKQKYLDYARV---PNSNPPEYEFFWGLRSYYETSKM	1,2,3,4,5,6,7,8,9,10,11,12,13,14,15,16,17,18,19,20,21,22,23,24,25,26,27,28,29,30,31,32,33,34,35,36,37,38,39,40,41,42,43,44,45,46,47,48,49,50,51,52,53,54,55,56,57,58,59,60,61,62,63,64,65,66,67,68,69,70,71,72,73,74,75,76,77,78,79,80,81,82,83,84,85,86,87,88,89,90,91,92,93,94,95,96,97,98,99,100,101,102,103,104,105,106,107,108,109,110,111,112,113,114,115,116,117,118,119,120,121,122,123,124,125,126,127,128,129,130,131,132,133,134,135,136,137,138,139,140,141,142,143,144,145,146,147,148,149,150,151,152,153,154,155,156,157,158,159,160,161,162,163,164,165,166,167,168,169,170,171,172,173,174,a174-0,175,176,177,178,179,180,181,182,183,184,185,186,187,188,189,190,191,192,193,194,195,196,197,198,199,200,201,202,203,204,205,206,207,208,209,210,211,212,213	ENSP00000364198.1	known	GRCh37:X:join(54835765..54835809,54836155..54836646,54837254..54837562,54837683..54837746,54838007..54838086,54838590..54838684,54839378..54839457,54839551..54839593,54839921..54839983,54841094..54841208,54841681..54842115)	X	ENSG00000102316.12	ENST00000375058.1	protein_coding	protein_coding	16353	MAGED2	NP_055414	10916.0	606	1	213
41	ENSP00000364200.1	PF01454	MAGE	3.9e-24	81.1	201	369	LVRlalacesqrtpIrreeikkkvlgeqgkrafkkvfeeaqkqLrdvFGmeLvelpskeekkstessqekraaekakskkstrsksyiLvstlpeeyreaaaiiapskiesealeekeaaykGiltvvlslillsggsiseqeLekyLkrlgldenstsveitklklkldelLk.klvkqgYlvrekeskasdeeeekveyrvGpRakvEigee	LVKYLLAKDQTKIPIKRSDMLKDIIKE-YTDVYPEIIERAGYSLEKVFGIQLKEIDKND-------------------------HLYILLSTLEP---TDAGILGTTKDSP---------KLGLLMVLLSIIFMNGNRSSEAVIWEVLRKLGLRPG---I-HHSLFGDVKKLITdEFVKQKYLDYARV---PNSNPPEYEFFWGLRSYYETSKM	1,2,3,4,5,6,7,8,9,10,11,12,13,14,15,16,17,18,19,20,21,22,23,24,25,26,27,28,29,30,31,32,33,34,35,36,37,38,39,40,41,42,43,44,45,46,47,48,49,50,51,52,53,54,55,56,57,58,59,60,61,62,63,64,65,66,67,68,69,70,71,72,73,74,75,76,77,78,79,80,81,82,83,84,85,86,87,88,89,90,91,92,93,94,95,96,97,98,99,100,101,102,103,104,105,106,107,108,109,110,111,112,113,114,115,116,117,118,119,120,121,122,123,124,125,126,127,128,129,130,131,132,133,134,135,136,137,138,139,140,141,142,143,144,145,146,147,148,149,150,151,152,153,154,155,156,157,158,159,160,161,162,163,164,165,166,167,168,169,170,171,172,173,174,a174-0,175,176,177,178,179,180,181,182,183,184,185,186,187,188,189,190,191,192,193,194,195,196,197,198,199,200,201,202,203,204,205,206,207,208,209,210,211,212,213	ENSP00000364200.1	novel	GRCh37:X:join(54835765..54835809,54836155..54836241,54836356..54836646,54837254..54837337,54837479..54837562,54837683..54837746,54838007..54838086,54838590..54838684,54839378..54839457,54839551..54839593,54839921..54839983,54841094..54841208,54841681..54842115)	X	ENSG00000102316.12	ENST00000375060.1	protein_coding	protein_coding	16353	MAGED2		10916.0	521	1	213
42	ENSP00000364202.4	PF01454	MAGE	3.9e-24	81.1	201	369	LVRlalacesqrtpIrreeikkkvlgeqgkrafkkvfeeaqkqLrdvFGmeLvelpskeekkstessqekraaekakskkstrsksyiLvstlpeeyreaaaiiapskiesealeekeaaykGiltvvlslillsggsiseqeLekyLkrlgldenstsveitklklkldelLk.klvkqgYlvrekeskasdeeeekveyrvGpRakvEigee	LVKYLLAKDQTKIPIKRSDMLKDIIKE-YTDVYPEIIERAGYSLEKVFGIQLKEIDKND-------------------------HLYILLSTLEP---TDAGILGTTKDSP---------KLGLLMVLLSIIFMNGNRSSEAVIWEVLRKLGLRPG---I-HHSLFGDVKKLITdEFVKQKYLDYARV---PNSNPPEYEFFWGLRSYYETSKM	1,2,3,4,5,6,7,8,9,10,11,12,13,14,15,16,17,18,19,20,21,22,23,24,25,26,27,28,29,30,31,32,33,34,35,36,37,38,39,40,41,42,43,44,45,46,47,48,49,50,51,52,53,54,55,56,57,58,59,60,61,62,63,64,65,66,67,68,69,70,71,72,73,74,75,76,77,78,79,80,81,82,83,84,85,86,87,88,89,90,91,92,93,94,95,96,97,98,99,100,101,102,103,104,105,106,107,108,109,110,111,112,113,114,115,116,117,118,119,120,121,122,123,124,125,126,127,128,129,130,131,132,133,134,135,136,137,138,139,140,141,142,143,144,145,146,147,148,149,150,151,152,153,154,155,156,157,158,159,160,161,162,163,164,165,166,167,168,169,170,171,172,173,174,a174-0,175,176,177,178,179,180,181,182,183,184,185,186,187,188,189,190,191,192,193,194,195,196,197,198,199,200,201,202,203,204,205,206,207,208,209,210,211,212,213	ENSP00000364202.4	known	GRCh37:X:join(54835765..54835809,54836155..54836241,54836356..54836646,54837254..54837337,54837479..54837562,54837683..54837746,54838007..54838086,54838590..54838684,54839378..54839457,54839551..54839593,54839921..54839983,54841094..54841208,54841681..54842115)	X	ENSG00000102316.12	ENST00000375062.4	protein_coding	protein_coding	16353	MAGED2		10916.0	521	1	213
43	ENSP00000364209.1	PF01454	MAGE	3.9e-24	81.1	286	454	LVRlalacesqrtpIrreeikkkvlgeqgkrafkkvfeeaqkqLrdvFGmeLvelpskeekkstessqekraaekakskkstrsksyiLvstlpeeyreaaaiiapskiesealeekeaaykGiltvvlslillsggsiseqeLekyLkrlgldenstsveitklklkldelLk.klvkqgYlvrekeskasdeeeekveyrvGpRakvEigee	LVKYLLAKDQTKIPIKRSDMLKDIIKE-YTDVYPEIIERAGYSLEKVFGIQLKEIDKND-------------------------HLYILLSTLEP---TDAGILGTTKDSP---------KLGLLMVLLSIIFMNGNRSSEAVIWEVLRKLGLRPG---I-HHSLFGDVKKLITdEFVKQKYLDYARV---PNSNPPEYEFFWGLRSYYETSKM	1,2,3,4,5,6,7,8,9,10,11,12,13,14,15,16,17,18,19,20,21,22,23,24,25,26,27,28,29,30,31,32,33,34,35,36,37,38,39,40,41,42,43,44,45,46,47,48,49,50,51,52,53,54,55,56,57,58,59,60,61,62,63,64,65,66,67,68,69,70,71,72,73,74,75,76,77,78,79,80,81,82,83,84,85,86,87,88,89,90,91,92,93,94,95,96,97,98,99,100,101,102,103,104,105,106,107,108,109,110,111,112,113,114,115,116,117,118,119,120,121,122,123,124,125,126,127,128,129,130,131,132,133,134,135,136,137,138,139,140,141,142,143,144,145,146,147,148,149,150,151,152,153,154,155,156,157,158,159,160,161,162,163,164,165,166,167,168,169,170,171,172,173,174,a174-0,175,176,177,178,179,180,181,182,183,184,185,186,187,188,189,190,191,192,193,194,195,196,197,198,199,200,201,202,203,204,205,206,207,208,209,210,211,212,213	ENSP00000364209.1	known	GRCh37:X:join(54835765..54835809,54836155..54836646,54837254..54837562,54837683..54837746,54838007..54838086,54838590..54838684,54839378..54839457,54839551..54839593,54839921..54839983,54841094..54841208,54841681..54842115)	X	ENSG00000102316.12	ENST00000375068.1	protein_coding	protein_coding	16353	MAGED2		10916.0	606	1	213
44	ENSP00000364777.3	PF01454	MAGE	1e-21	73.1	420	587	LVRlalacesqrtpIrreeikkkvlgeqgkrafkkvfeeaqkqLrdvFGmeLvelpskeekkstessqekraaekakskkstrsksyiLvstlpeeyreaaaiiapskiesealeekeaaykGiltvvlslillsggsiseqeLekyLkrlgldenstsveitklklkldelLk.klvkqgYlvrekeskasdeeeekveyrvGpRakvEigee	LVKYLMIKDYKKIPIKRADMLKDVIREYD-EHFPEIIERATYTLEKKFGIHLKEIDKEE-------------------------HLYILVCTRDSSAR----LLGKTKDTP---------RLSLLLVILGVIFMNGNRASEAVLWEALRKMGLRPG---V-RHPFLGDLRKLITdDFVKQKYLEYKKI---PNSNPPEYEFLWGLRARHETSKM	1,2,3,4,5,6,7,8,9,10,11,12,13,14,15,16,17,18,19,20,21,22,23,24,25,26,27,28,29,30,31,32,33,34,35,36,37,38,39,40,41,42,43,44,45,46,47,48,49,50,51,52,53,54,55,56,57,58,59,60,61,62,63,64,65,66,67,68,69,70,71,72,73,74,75,76,77,78,79,80,81,82,83,84,85,86,87,88,89,90,91,92,93,94,95,96,97,98,99,100,101,102,103,104,105,106,107,108,109,110,111,112,113,114,115,116,117,118,119,120,121,122,123,124,125,126,127,128,129,130,131,132,133,134,135,136,137,138,139,140,141,142,143,144,145,146,147,148,149,150,151,152,153,154,155,156,157,158,159,160,161,162,163,164,165,166,167,168,169,170,171,172,173,174,a174-0,175,176,177,178,179,180,181,182,183,184,185,186,187,188,189,190,191,192,193,194,195,196,197,198,199,200,201,202,203,204,205,206,207,208,209,210,211,212,213	ENSP00000364777.3	known	GRCh37:X:join(51929019..51929228,51929493..51930326,51930738..51930941,51931045..51931108,51931302..51931381,51931770..51931861,51932483..51932562,51932648..51932690,51933082..51933144,51934090..51934204,51934527..51934961)	X	ENSG00000154545.12	ENST00000375626.3	protein_coding	protein_coding	23793	MAGED4	NP_001092270	81557.0	739	1	213
45	ENSP00000364847.2	PF01454	MAGE	8.8e-20	66.6	534	701	LVRlalacesqrtpIrreeikkkvlgeqgkrafkkvfeeaqkqLrdvFGmeLvelpskeekkstessqekraaekakskkstrsksyiLvstlpeeyreaaaiiapskiesealeekeaaykGiltvvlslillsggsiseqeLekyLkrlgldenstsveitklklkldelLk.klvkqgYlvrekeskasdeeeekveyrvGpRakvEigee	LVKYLMLKDYTKVPIKRSEMLRDIIRE-YTDVYPEIIERACFVLEKKFGIQLKEIDKEE-------------------------HLYILISTPES----LAGILGTTKDTP---------KLGLLLVILGVIFMNGNRASEAVLWEALRKMGLRPG---V-RHPLLGDLRKLLTyEFVKQKYLDYRRV---PNSNPPEYEFLWGLRSYHETSKM	1,2,3,4,5,6,7,8,9,10,11,12,13,14,15,16,17,18,19,20,21,22,23,24,25,26,27,28,29,30,31,32,33,34,35,36,37,38,39,40,41,42,43,44,45,46,47,48,49,50,51,52,53,54,55,56,57,58,59,60,61,62,63,64,65,66,67,68,69,70,71,72,73,74,75,76,77,78,79,80,81,82,83,84,85,86,87,88,89,90,91,92,93,94,95,96,97,98,99,100,101,102,103,104,105,106,107,108,109,110,111,112,113,114,115,116,117,118,119,120,121,122,123,124,125,126,127,128,129,130,131,132,133,134,135,136,137,138,139,140,141,142,143,144,145,146,147,148,149,150,151,152,153,154,155,156,157,158,159,160,161,162,163,164,165,166,167,168,169,170,171,172,173,174,a174-0,175,176,177,178,179,180,181,182,183,184,185,186,187,188,189,190,191,192,193,194,195,196,197,198,199,200,201,202,203,204,205,206,207,208,209,210,211,212,213	ENSP00000364847.2	known	GRCh37:X:join(51637401..51637445,51637723..51637890,51638149..51638856,51639505..51640173,51640304..51640367,51640643..51640722,51640891..51640982,51641210..51641289,51641381..51641423,51641677..51641739,51643278..51643392,51644649..51645026)	X	ENSG00000179222.13	ENST00000375695.2	protein_coding	protein_coding	6813	MAGED1	NP_001005333	9500.0	834	1	213
46	ENSP00000364874.1	PF01454	MAGE	8.8e-20	66.6	478	645	LVRlalacesqrtpIrreeikkkvlgeqgkrafkkvfeeaqkqLrdvFGmeLvelpskeekkstessqekraaekakskkstrsksyiLvstlpeeyreaaaiiapskiesealeekeaaykGiltvvlslillsggsiseqeLekyLkrlgldenstsveitklklkldelLk.klvkqgYlvrekeskasdeeeekveyrvGpRakvEigee	LVKYLMLKDYTKVPIKRSEMLRDIIRE-YTDVYPEIIERACFVLEKKFGIQLKEIDKEE-------------------------HLYILISTPES----LAGILGTTKDTP---------KLGLLLVILGVIFMNGNRASEAVLWEALRKMGLRPG---V-RHPLLGDLRKLLTyEFVKQKYLDYRRV---PNSNPPEYEFLWGLRSYHETSKM	1,2,3,4,5,6,7,8,9,10,11,12,13,14,15,16,17,18,19,20,21,22,23,24,25,26,27,28,29,30,31,32,33,34,35,36,37,38,39,40,41,42,43,44,45,46,47,48,49,50,51,52,53,54,55,56,57,58,59,60,61,62,63,64,65,66,67,68,69,70,71,72,73,74,75,76,77,78,79,80,81,82,83,84,85,86,87,88,89,90,91,92,93,94,95,96,97,98,99,100,101,102,103,104,105,106,107,108,109,110,111,112,113,114,115,116,117,118,119,120,121,122,123,124,125,126,127,128,129,130,131,132,133,134,135,136,137,138,139,140,141,142,143,144,145,146,147,148,149,150,151,152,153,154,155,156,157,158,159,160,161,162,163,164,165,166,167,168,169,170,171,172,173,174,a174-0,175,176,177,178,179,180,181,182,183,184,185,186,187,188,189,190,191,192,193,194,195,196,197,198,199,200,201,202,203,204,205,206,207,208,209,210,211,212,213	ENSP00000364874.1	known	GRCh37:X:join(51637401..51637445,51638149..51638856,51639505..51640173,51640304..51640367,51640643..51640722,51640891..51640982,51641210..51641289,51641381..51641423,51641677..51641739,51643278..51643392,51644649..51645026)	X	ENSG00000179222.13	ENST00000375722.1	protein_coding	protein_coding	6813	MAGED1		9500.0	778	1	213
47	ENSP00000364927.3	PF01454	MAGE	8.8e-20	66.6	478	645	LVRlalacesqrtpIrreeikkkvlgeqgkrafkkvfeeaqkqLrdvFGmeLvelpskeekkstessqekraaekakskkstrsksyiLvstlpeeyreaaaiiapskiesealeekeaaykGiltvvlslillsggsiseqeLekyLkrlgldenstsveitklklkldelLk.klvkqgYlvrekeskasdeeeekveyrvGpRakvEigee	LVKYLMLKDYTKVPIKRSEMLRDIIRE-YTDVYPEIIERACFVLEKKFGIQLKEIDKEE-------------------------HLYILISTPES----LAGILGTTKDTP---------KLGLLLVILGVIFMNGNRASEAVLWEALRKMGLRPG---V-RHPLLGDLRKLLTyEFVKQKYLDYRRV---PNSNPPEYEFLWGLRSYHETSKM	1,2,3,4,5,6,7,8,9,10,11,12,13,14,15,16,17,18,19,20,21,22,23,24,25,26,27,28,29,30,31,32,33,34,35,36,37,38,39,40,41,42,43,44,45,46,47,48,49,50,51,52,53,54,55,56,57,58,59,60,61,62,63,64,65,66,67,68,69,70,71,72,73,74,75,76,77,78,79,80,81,82,83,84,85,86,87,88,89,90,91,92,93,94,95,96,97,98,99,100,101,102,103,104,105,106,107,108,109,110,111,112,113,114,115,116,117,118,119,120,121,122,123,124,125,126,127,128,129,130,131,132,133,134,135,136,137,138,139,140,141,142,143,144,145,146,147,148,149,150,151,152,153,154,155,156,157,158,159,160,161,162,163,164,165,166,167,168,169,170,171,172,173,174,a174-0,175,176,177,178,179,180,181,182,183,184,185,186,187,188,189,190,191,192,193,194,195,196,197,198,199,200,201,202,203,204,205,206,207,208,209,210,211,212,213	ENSP00000364927.3	known	GRCh37:X:join(51637401..51637445,51638149..51638856,51639505..51640173,51640304..51640367,51640643..51640722,51640891..51640982,51641210..51641289,51641381..51641423,51641677..51641739,51643278..51643392,51644649..51645026)	X	ENSG00000179222.13	ENST00000375772.3	protein_coding	protein_coding	6813	MAGED1	NP_001005332	9500.0	778	1	213
48	ENSP00000368264.3	PF01454	MAGE	6.7e-14	47.1	115	283	LVRlalacesqrtpIrreeikkkvlgeqgkrafkkvfeeaqkqLrdvFGmeLvelpskeekkstessqekraaekakskkstrsksyiLvstlpeeyreaaaiiapskiesealeekeaaykGiltvvlslillsggsiseqeLekyLkrlgldenstsveitklklkldelLk.klvkqgYlvrekeskasdeeeekveyrvGpRakvEigee	LMHFILRKYKMREPIMKADMLK-VVDEKYKDHFTEILNGASRRLELVFGLDLKEDNPSG-------------------------HTYTLVSKLNLTNDGNLSNDWD--FPR----------NGLLMPLLGVIFLKGNSATEEEIWKFMNVLGAYDG----EEHLIYGEPRKFITqDLVQEKYLKYEQV---PNSDPPRYQFLWGPRAYAETTKM	1,2,3,4,5,6,7,8,9,10,11,12,13,14,15,16,17,18,19,20,21,22,23,24,25,26,27,28,29,30,31,32,33,34,35,36,37,38,39,40,41,42,43,44,45,46,47,48,49,50,51,52,53,54,55,56,57,58,59,60,61,62,63,64,65,66,67,68,69,70,71,72,73,74,75,76,77,78,79,80,81,82,83,84,85,86,87,88,89,90,91,92,93,94,95,96,97,98,99,100,101,102,103,104,105,106,107,108,109,110,111,112,113,114,115,116,117,118,119,120,121,122,123,124,125,126,127,128,129,130,131,132,133,134,135,136,137,138,139,140,141,142,143,144,145,146,147,148,149,150,151,152,153,154,155,156,157,158,159,160,161,162,163,164,165,166,167,168,169,170,171,172,173,174,a174-0,175,176,177,178,179,180,181,182,183,184,185,186,187,188,189,190,191,192,193,194,195,196,197,198,199,200,201,202,203,204,205,206,207,208,209,210,211,212,213	ENSP00000368264.3	known	GRCh37:X:30268611..30269654	X	ENSG00000214107.3	ENST00000378981.3	protein_coding	protein_coding	6808	MAGEB1	NP_002354	4112.0	347	1	213
49	ENSP00000368266.2	PF01454	MAGE	3.1e-17	58.2	116	283	LVRlalacesqrtpIrreeikkkvlgeqgkrafkkvfeeaqkqLrdvFGmeLvelpskeekkstessqekraaekakskkstrsksyiLvstlpeeyreaaaiiapskiesealeekeaaykGiltvvlslillsggsiseqeLekyLkrlgldenstsveitklklkldelLk.klvkqgYlvrekeskasdeeeekveyrvGpRakvEigee	LVQFLLYKYKMKEPTTKAEMLK-IISKKYKEHFPEIFRKVSQRTELVFGLALKEVNPT-------------------------THSYILVSMLGP----------NDGNQS---SAWTLPRNGLLMPLLSVIFLNGNCAREEEIWEFLNMLGIYDG----KRHLIFGEPRKLITqDLVQEKYLEYQQV---PNSDPPRYQFLWGPRAHAETSKM	1,2,3,4,5,6,7,8,9,10,11,12,13,14,15,16,17,18,19,20,21,22,23,24,25,26,27,28,29,30,31,32,33,34,35,36,37,38,39,40,41,42,43,44,45,46,47,48,49,50,51,52,53,54,55,56,57,58,59,60,61,62,63,64,65,66,67,68,69,70,71,72,73,74,75,76,77,78,79,80,81,82,83,84,85,86,87,88,89,90,91,92,93,94,95,96,97,98,99,100,101,102,103,104,105,106,107,108,109,110,111,112,113,114,115,116,117,118,119,120,121,122,123,124,125,126,127,128,129,130,131,132,133,134,135,136,137,138,139,140,141,142,143,144,145,146,147,148,149,150,151,152,153,154,155,156,157,158,159,160,161,162,163,164,165,166,167,168,169,170,171,172,173,174,a174-0,175,176,177,178,179,180,181,182,183,184,185,186,187,188,189,190,191,192,193,194,195,196,197,198,199,200,201,202,203,204,205,206,207,208,209,210,211,212,213	ENSP00000368266.2	known	GRCh37:X:30260253..30261293	X	ENSG00000120289.10	ENST00000378982.2	protein_coding	protein_coding	6811	MAGEB4	NP_002358	4115.0	346	1	213
50	ENSP00000368273.4	PF01454	MAGE	6.7e-11	37.1	118	286	LVRlalacesqrtpIrreeikkkvlgeqgkrafkkvfeeaqkqLrdvFGmeLvelpskeekkstessqekraaekakskkstrsksyiLvstlpeeyreaaaiiapskiesealeekeaaykGiltvvlslillsggsiseqeLekyLkrlgldenstsveitklklkldelLk.klvkqgYlvrekeskasdeeeekveyrvGpRakvEigee	LVQFLLYKYKIKKSVTKGEMLK-IVGKRFREHFPEILKKASEGLSVVFGLELNKVNPNG-------------------------HTYTFIDKVDLTDEESLLSSWDFPRRK------------LLMPLLGVIFLNGNSATEEEIWEFLNMLGVYDG----EEHSVFGEPWKLITkDLVQEKYLEYKQV---PSSDPPRFQFLWGPRAYAETSKM	1,2,3,4,5,6,7,8,9,10,11,12,13,14,15,16,17,18,19,20,21,22,23,24,25,26,27,28,29,30,31,32,33,34,35,36,37,38,39,40,41,42,43,44,45,46,47,48,49,50,51,52,53,54,55,56,57,58,59,60,61,62,63,64,65,66,67,68,69,70,71,72,73,74,75,76,77,78,79,80,81,82,83,84,85,86,87,88,89,90,91,92,93,94,95,96,97,98,99,100,101,102,103,104,105,106,107,108,109,110,111,112,113,114,115,116,117,118,119,120,121,122,123,124,125,126,127,128,129,130,131,132,133,134,135,136,137,138,139,140,141,142,143,144,145,146,147,148,149,150,151,152,153,154,155,156,157,158,159,160,161,162,163,164,165,166,167,168,169,170,171,172,173,174,a174-0,175,176,177,178,179,180,181,182,183,184,185,186,187,188,189,190,191,192,193,194,195,196,197,198,199,200,201,202,203,204,205,206,207,208,209,210,211,212,213	ENSP00000368273.4	known	GRCh37:X:30236698..30237657	X	ENSG00000099399.5	ENST00000378988.4	protein_coding	protein_coding	6809	MAGEB2	NP_002355	4113.0	319	1	213
51	ENSP00000368304.1	PF01454	MAGE	2.8e-20	68.3	118	286	LVRlalacesqrtpIrreeikkkvlgeqgkrafkkvfeeaqkqLrdvFGmeLvelpskeekkstessqekraaekakskkstrsksyiLvstlpeeyreaaaiiapskiesealeekeaaykGiltvvlslillsggsiseqeLekyLkrlgldenstsveitklklkldelLk.klvkqgYlvrekeskasdeeeekveyrvGpRakvEigee	LVHYLLYKYQMKEPITKADMLRNVTQM-SKSQFPVILSRASEHLELIFGLDLKEVEPNK-------------------------HIYVLVNKLDLGCD--AKLSDETGVPK----------TGLLMTVLGIIFTNGNCVAEEEVWKVFNTMGLYDG---I-EHFMFGEPRKLLTkDLVKENYLEYQQV---PNSDPPRYQFLWGPRAHAETSKM	1,2,3,4,5,6,7,8,9,10,11,12,13,14,15,16,17,18,19,20,21,22,23,24,25,26,27,28,29,30,31,32,33,34,35,36,37,38,39,40,41,42,43,44,45,46,47,48,49,50,51,52,53,54,55,56,57,58,59,60,61,62,63,64,65,66,67,68,69,70,71,72,73,74,75,76,77,78,79,80,81,82,83,84,85,86,87,88,89,90,91,92,93,94,95,96,97,98,99,100,101,102,103,104,105,106,107,108,109,110,111,112,113,114,115,116,117,118,119,120,121,122,123,124,125,126,127,128,129,130,131,132,133,134,135,136,137,138,139,140,141,142,143,144,145,146,147,148,149,150,151,152,153,154,155,156,157,158,159,160,161,162,163,164,165,166,167,168,169,170,171,172,173,174,a174-0,175,176,177,178,179,180,181,182,183,184,185,186,187,188,189,190,191,192,193,194,195,196,197,198,199,200,201,202,203,204,205,206,207,208,209,210,211,212,213	ENSP00000368304.1	known	GRCh37:X:27839424..27840467	X	ENSG00000177689.9	ENST00000356790.2	protein_coding	protein_coding	25377	MAGEB10	NP_872312	139422.0	347	1	213
52	ENSP00000368320.1	PF01454	MAGE	6.7e-09	30.5	202	370	LVRlalacesqrtpIrreeikkkvlgeqgkrafkkvfeeaqkqLrdvFGmeLvelpskeekkstessqekraaekakskkstrsksyiLvstlpeeyreaaaiiapskiesealeekeaaykGiltvvlslillsggsiseqeLekyLkrlgldenstsveitklklkldelLk.klvkqgYlvrekeskasdeeeekveyrvGpRakvEigee	LAQFLQKKFEKKESILKADMLK-CVRREYKPYFPQILNRTSQHLVVAFGVELKEMDSSG-------------------------ESYTLVSKLGLPSE---GILSGDNALP---------KSGLLMSLLVVIFMNGNCATEEEVWEFLGLLGIYDG---I-LHSIYGDARKIITeDLVQDKYVVYRQV---CNSDPPCYEFLWGPRAYAETTKM	1,2,3,4,5,6,7,8,9,10,11,12,13,14,15,16,17,18,19,20,21,22,23,24,25,26,27,28,29,30,31,32,33,34,35,36,37,38,39,40,41,42,43,44,45,46,47,48,49,50,51,52,53,54,55,56,57,58,59,60,61,62,63,64,65,66,67,68,69,70,71,72,73,74,75,76,77,78,79,80,81,82,83,84,85,86,87,88,89,90,91,92,93,94,95,96,97,98,99,100,101,102,103,104,105,106,107,108,109,110,111,112,113,114,115,116,117,118,119,120,121,122,123,124,125,126,127,128,129,130,131,132,133,134,135,136,137,138,139,140,141,142,143,144,145,146,147,148,149,150,151,152,153,154,155,156,157,158,159,160,161,162,163,164,165,166,167,168,169,170,171,172,173,174,a174-0,175,176,177,178,179,180,181,182,183,184,185,186,187,188,189,190,191,192,193,194,195,196,197,198,199,200,201,202,203,204,205,206,207,208,209,210,211,212,213	ENSP00000368320.1	known	GRCh37:X:26211964..26213187	X	ENSG00000176746.6	ENST00000379034.1	protein_coding	protein_coding	23796	MAGEB6	NP_775794	158809.0	407	1	213
53	ENSP00000377447.3	PF01454	MAGE	3e-14	48.3	116	284	LVRlalacesqrtpIrreeikkkvlgeqgkrafkkvfeeaqkqLrdvFGmeLvelpskeekkstessqekraaekakskkstrsksyiLvstlpeeyreaaaiiapskiesealeekeaaykGiltvvlslillsggsiseqeLekyLkrlgldenstsveitklklkldelLkklvkqgYlvrekeskasdeeeekveyrvGpRakvEigee	LVHFLLLKYRAREPFTKAEMLGSVIRNFQ-DFFPVIFSKASEYLQLVFGIEVVEVVRIG-------------------------HLYILVTCLGLSYD---GLLGDNQIVP---------KTGLLIIVLAIIAKEGDCAPEEKIWEELSVLEASDG---REDSVFAHPRKLLTQDLVQENYLEYRQV---PGSDPACYEFLWGPRALVETSYV	1,2,3,4,5,6,7,8,9,10,11,12,13,14,15,16,17,18,19,20,21,22,23,24,25,26,27,28,29,30,31,32,33,34,35,36,37,38,39,40,41,42,43,44,45,46,47,48,49,50,51,52,53,54,55,56,57,58,59,60,61,62,63,64,65,66,67,68,69,70,71,72,73,74,75,76,77,78,79,80,81,82,83,84,85,86,87,88,89,90,91,92,93,94,95,96,97,98,99,100,101,102,103,104,105,106,107,108,109,110,111,112,113,114,115,116,117,118,119,120,121,122,123,124,125,126,127,128,129,130,131,132,133,134,135,136,137,138,139,140,141,142,143,144,145,146,147,148,149,150,151,152,153,154,155,156,157,158,159,160,161,162,163,164,165,166,167,168,169,170,171,172,173,174,175,176,177,178,179,180,181,182,183,184,185,186,187,188,189,190,191,192,193,194,195,196,197,198,199,200,201,202,203,204,205,206,207,208,209,210,211,212,213	ENSP00000377447.3	known	GRCh37:X:complement(151899856..151900800)	X	ENSG00000213401.4	ENST00000393869.3	protein_coding	protein_coding	6799	MAGEA12	NP_001159859	4111.0	314	1	213
54	ENSP00000377450.3	PF01454	MAGE	3.3e-18	61.4	116	284	LVRlalacesqrtpIrreeikkkvlgeqgkrafkkvfeeaqkqLrdvFGmeLvelpskeekkstessqekraaekakskkstrsksyiLvstlpeeyreaaaiiapskiesealeekeaaykGiltvvlslillsggsiseqeLekyLkrlgldenstsveitklklkldelLkklvkqgYlvrekeskasdeeeekveyrvGpRakvEigee	LVHFLLLKYRAREPVTKAEMLESVLRNCQ-DFFPVIFSKASEYLQLVFGIEVVEVVPI-------------------------SHLYILVTCLGLSYD---GLLGDNQVMP---------KTGLLIIVLAIIAIEGDCAPEEKIWEELSMLEVFEG---REDSVFAHPRKLLMQDLVQENYLEYRQV---PGSDPACYEFLWGPRALIETSYV	1,2,3,4,5,6,7,8,9,10,11,12,13,14,15,16,17,18,19,20,21,22,23,24,25,26,27,28,29,30,31,32,33,34,35,36,37,38,39,40,41,42,43,44,45,46,47,48,49,50,51,52,53,54,55,56,57,58,59,60,61,62,63,64,65,66,67,68,69,70,71,72,73,74,75,76,77,78,79,80,81,82,83,84,85,86,87,88,89,90,91,92,93,94,95,96,97,98,99,100,101,102,103,104,105,106,107,108,109,110,111,112,113,114,115,116,117,118,119,120,121,122,123,124,125,126,127,128,129,130,131,132,133,134,135,136,137,138,139,140,141,142,143,144,145,146,147,148,149,150,151,152,153,154,155,156,157,158,159,160,161,162,163,164,165,166,167,168,169,170,171,172,173,174,175,176,177,178,179,180,181,182,183,184,185,186,187,188,189,190,191,192,193,194,195,196,197,198,199,200,201,202,203,204,205,206,207,208,209,210,211,212,213	ENSP00000377450.3	known	GRCh37:X:complement(151918943..151919887)	X	ENSG00000184750.11	ENST00000393872.3	protein_coding	protein_coding	6800	MAGEA2	NP_705692	4101.0	314	1	213
55	ENSP00000377454.1	PF01454	MAGE	3.3e-18	61.4	116	284	LVRlalacesqrtpIrreeikkkvlgeqgkrafkkvfeeaqkqLrdvFGmeLvelpskeekkstessqekraaekakskkstrsksyiLvstlpeeyreaaaiiapskiesealeekeaaykGiltvvlslillsggsiseqeLekyLkrlgldenstsveitklklkldelLkklvkqgYlvrekeskasdeeeekveyrvGpRakvEigee	LVHFLLLKYRAREPVTKAEMLESVLRNCQ-DFFPVIFSKASEYLQLVFGIEVVEVVPI-------------------------SHLYILVTCLGLSYD---GLLGDNQVMP---------KTGLLIIVLAIIAIEGDCAPEEKIWEELSMLEVFEG---REDSVFAHPRKLLMQDLVQENYLEYRQV---PGSDPACYEFLWGPRALIETSYV	1,2,3,4,5,6,7,8,9,10,11,12,13,14,15,16,17,18,19,20,21,22,23,24,25,26,27,28,29,30,31,32,33,34,35,36,37,38,39,40,41,42,43,44,45,46,47,48,49,50,51,52,53,54,55,56,57,58,59,60,61,62,63,64,65,66,67,68,69,70,71,72,73,74,75,76,77,78,79,80,81,82,83,84,85,86,87,88,89,90,91,92,93,94,95,96,97,98,99,100,101,102,103,104,105,106,107,108,109,110,111,112,113,114,115,116,117,118,119,120,121,122,123,124,125,126,127,128,129,130,131,132,133,134,135,136,137,138,139,140,141,142,143,144,145,146,147,148,149,150,151,152,153,154,155,156,157,158,159,160,161,162,163,164,165,166,167,168,169,170,171,172,173,174,175,176,177,178,179,180,181,182,183,184,185,186,187,188,189,190,191,192,193,194,195,196,197,198,199,200,201,202,203,204,205,206,207,208,209,210,211,212,213	ENSP00000377454.1	known	GRCh37:X:complement(151918943..151919887)	X	ENSG00000184750.11	ENST00000393876.1	protein_coding	protein_coding	6800	MAGEA2	NP_005352	4101.0	314	1	213
56	ENSP00000377478.3	PF01454	MAGE	3e-14	48.3	116	284	LVRlalacesqrtpIrreeikkkvlgeqgkrafkkvfeeaqkqLrdvFGmeLvelpskeekkstessqekraaekakskkstrsksyiLvstlpeeyreaaaiiapskiesealeekeaaykGiltvvlslillsggsiseqeLekyLkrlgldenstsveitklklkldelLkklvkqgYlvrekeskasdeeeekveyrvGpRakvEigee	LVHFLLLKYRAREPFTKAEMLGSVIRNFQ-DFFPVIFSKASEYLQLVFGIEVVEVVRIG-------------------------HLYILVTCLGLSYD---GLLGDNQIVP---------KTGLLIIVLAIIAKEGDCAPEEKIWEELSVLEASDG---REDSVFAHPRKLLTQDLVQENYLEYRQV---PGSDPACYEFLWGPRALVETSYV	1,2,3,4,5,6,7,8,9,10,11,12,13,14,15,16,17,18,19,20,21,22,23,24,25,26,27,28,29,30,31,32,33,34,35,36,37,38,39,40,41,42,43,44,45,46,47,48,49,50,51,52,53,54,55,56,57,58,59,60,61,62,63,64,65,66,67,68,69,70,71,72,73,74,75,76,77,78,79,80,81,82,83,84,85,86,87,88,89,90,91,92,93,94,95,96,97,98,99,100,101,102,103,104,105,106,107,108,109,110,111,112,113,114,115,116,117,118,119,120,121,122,123,124,125,126,127,128,129,130,131,132,133,134,135,136,137,138,139,140,141,142,143,144,145,146,147,148,149,150,151,152,153,154,155,156,157,158,159,160,161,162,163,164,165,166,167,168,169,170,171,172,173,174,175,176,177,178,179,180,181,182,183,184,185,186,187,188,189,190,191,192,193,194,195,196,197,198,199,200,201,202,203,204,205,206,207,208,209,210,211,212,213	ENSP00000377478.3	known	GRCh37:X:complement(151899856..151900800)	X	ENSG00000213401.4	ENST00000393900.3	protein_coding	protein_coding	6799	MAGEA12	NP_001159858	4111.0	314	1	213
57	ENSP00000377480.3	PF01454	MAGE	5e-13	44.2	116	284	LVRlalacesqrtpIrreeikkkvlgeqgkrafkkvfeeaqkqLrdvFGmeLvelpskeekkstessqekraaekakskkstrsksyiLvstlpeeyreaaaiiapskiesealeekeaaykGiltvvlslillsggsiseqeLekyLkrlgldenstsveitklklkldelLk.klvkqgYlvrekeskasdeeeekveyrvGpRakvEigee	LVHFLLLKYRAREPVTKAEMLGSVVGN-WQYFFPVIFSKASSSLQLVFGIELMEVDPIG-------------------------HLYIFATCLGLSYD---GLLGDNQIMP---------KAGLLIIVLAIIAREGDCAPEEKIWEELSVLEVFEG----REDSILGDPKKLLTqHFVQENYLEYRQV---PGSDPACYEFLWGPRALVETSYV	1,2,3,4,5,6,7,8,9,10,11,12,13,14,15,16,17,18,19,20,21,22,23,24,25,26,27,28,29,30,31,32,33,34,35,36,37,38,39,40,41,42,43,44,45,46,47,48,49,50,51,52,53,54,55,56,57,58,59,60,61,62,63,64,65,66,67,68,69,70,71,72,73,74,75,76,77,78,79,80,81,82,83,84,85,86,87,88,89,90,91,92,93,94,95,96,97,98,99,100,101,102,103,104,105,106,107,108,109,110,111,112,113,114,115,116,117,118,119,120,121,122,123,124,125,126,127,128,129,130,131,132,133,134,135,136,137,138,139,140,141,142,143,144,145,146,147,148,149,150,151,152,153,154,155,156,157,158,159,160,161,162,163,164,165,166,167,168,169,170,171,172,173,174,a174-0,175,176,177,178,179,180,181,182,183,184,185,186,187,188,189,190,191,192,193,194,195,196,197,198,199,200,201,202,203,204,205,206,207,208,209,210,211,212,213	ENSP00000377480.3	known	GRCh37:X:complement(151935222..151936166)	X	ENSG00000221867.4	ENST00000393902.3	protein_coding	protein_coding	6801	MAGEA3	XP_005277907	4102.0	314	1	213
58	ENSP00000377497.1	PF01454	MAGE	9.6e-13	43.2	117	285	LVRlalacesqrtpIrreeikkkvlgeqgkrafkkvfeeaqkqLrdvFGmeLvelpskeekkstessqekraaekakskkstrsksyiLvstlpeeyreaaaiiapskiesealeekeaaykGiltvvlslillsggsiseqeLekyLkrlgldenstsveitklklkldelLk.klvkqgYlvrekeskasdeeeekveyrvGpRakvEigee	LAHFLLRKYRAKELVTKAEMLERVIKN-YKRCFPVIFGKASESLKMIFGIDVKEVDPA-------------------------SNTYTLVTCLGLSYD---GLLGNNQIFP---------KTGLLIIVLGTIAMEGDSASEEEIWEELGVMGVYDG----REHTVYGEPRKLLTqDWVQENYLEYRQV---PGSNPARYEFLWGPRALAETSYV	1,2,3,4,5,6,7,8,9,10,11,12,13,14,15,16,17,18,19,20,21,22,23,24,25,26,27,28,29,30,31,32,33,34,35,36,37,38,39,40,41,42,43,44,45,46,47,48,49,50,51,52,53,54,55,56,57,58,59,60,61,62,63,64,65,66,67,68,69,70,71,72,73,74,75,76,77,78,79,80,81,82,83,84,85,86,87,88,89,90,91,92,93,94,95,96,97,98,99,100,101,102,103,104,105,106,107,108,109,110,111,112,113,114,115,116,117,118,119,120,121,122,123,124,125,126,127,128,129,130,131,132,133,134,135,136,137,138,139,140,141,142,143,144,145,146,147,148,149,150,151,152,153,154,155,156,157,158,159,160,161,162,163,164,165,166,167,168,169,170,171,172,173,174,a174-0,175,176,177,178,179,180,181,182,183,184,185,186,187,188,189,190,191,192,193,194,195,196,197,198,199,200,201,202,203,204,205,206,207,208,209,210,211,212,213	ENSP00000377497.1	known	GRCh37:X:151092137..151093090	X	ENSG00000147381.7	ENST00000393920.1	protein_coding	protein_coding	6802	MAGEA4	NP_001011549	4103.0	317	1	213
59	ENSP00000377498.1	PF01454	MAGE	9.6e-13	43.2	117	285	LVRlalacesqrtpIrreeikkkvlgeqgkrafkkvfeeaqkqLrdvFGmeLvelpskeekkstessqekraaekakskkstrsksyiLvstlpeeyreaaaiiapskiesealeekeaaykGiltvvlslillsggsiseqeLekyLkrlgldenstsveitklklkldelLk.klvkqgYlvrekeskasdeeeekveyrvGpRakvEigee	LAHFLLRKYRAKELVTKAEMLERVIKN-YKRCFPVIFGKASESLKMIFGIDVKEVDPA-------------------------SNTYTLVTCLGLSYD---GLLGNNQIFP---------KTGLLIIVLGTIAMEGDSASEEEIWEELGVMGVYDG----REHTVYGEPRKLLTqDWVQENYLEYRQV---PGSNPARYEFLWGPRALAETSYV	1,2,3,4,5,6,7,8,9,10,11,12,13,14,15,16,17,18,19,20,21,22,23,24,25,26,27,28,29,30,31,32,33,34,35,36,37,38,39,40,41,42,43,44,45,46,47,48,49,50,51,52,53,54,55,56,57,58,59,60,61,62,63,64,65,66,67,68,69,70,71,72,73,74,75,76,77,78,79,80,81,82,83,84,85,86,87,88,89,90,91,92,93,94,95,96,97,98,99,100,101,102,103,104,105,106,107,108,109,110,111,112,113,114,115,116,117,118,119,120,121,122,123,124,125,126,127,128,129,130,131,132,133,134,135,136,137,138,139,140,141,142,143,144,145,146,147,148,149,150,151,152,153,154,155,156,157,158,159,160,161,162,163,164,165,166,167,168,169,170,171,172,173,174,a174-0,175,176,177,178,179,180,181,182,183,184,185,186,187,188,189,190,191,192,193,194,195,196,197,198,199,200,201,202,203,204,205,206,207,208,209,210,211,212,213	ENSP00000377498.1	known	GRCh37:X:151092137..151093090	X	ENSG00000147381.7	ENST00000393921.1	protein_coding	protein_coding	6802	MAGEA4	NP_002353	4103.0	317	1	213
60	ENSP00000379526.1	PF01454	MAGE	3.9e-24	81.1	286	454	LVRlalacesqrtpIrreeikkkvlgeqgkrafkkvfeeaqkqLrdvFGmeLvelpskeekkstessqekraaekakskkstrsksyiLvstlpeeyreaaaiiapskiesealeekeaaykGiltvvlslillsggsiseqeLekyLkrlgldenstsveitklklkldelLk.klvkqgYlvrekeskasdeeeekveyrvGpRakvEigee	LVKYLLAKDQTKIPIKRSDMLKDIIKE-YTDVYPEIIERAGYSLEKVFGIQLKEIDKND-------------------------HLYILLSTLEP---TDAGILGTTKDSP---------KLGLLMVLLSIIFMNGNRSSEAVIWEVLRKLGLRPG---I-HHSLFGDVKKLITdEFVKQKYLDYARV---PNSNPPEYEFFWGLRSYYETSKM	1,2,3,4,5,6,7,8,9,10,11,12,13,14,15,16,17,18,19,20,21,22,23,24,25,26,27,28,29,30,31,32,33,34,35,36,37,38,39,40,41,42,43,44,45,46,47,48,49,50,51,52,53,54,55,56,57,58,59,60,61,62,63,64,65,66,67,68,69,70,71,72,73,74,75,76,77,78,79,80,81,82,83,84,85,86,87,88,89,90,91,92,93,94,95,96,97,98,99,100,101,102,103,104,105,106,107,108,109,110,111,112,113,114,115,116,117,118,119,120,121,122,123,124,125,126,127,128,129,130,131,132,133,134,135,136,137,138,139,140,141,142,143,144,145,146,147,148,149,150,151,152,153,154,155,156,157,158,159,160,161,162,163,164,165,166,167,168,169,170,171,172,173,174,a174-0,175,176,177,178,179,180,181,182,183,184,185,186,187,188,189,190,191,192,193,194,195,196,197,198,199,200,201,202,203,204,205,206,207,208,209,210,211,212,213	ENSP00000379526.1	known	GRCh37:X:join(54835765..54835809,54836155..54836646,54837254..54837562,54837683..54837746,54838007..54838086,54838590..54838684,54839378..54839457,54839551..54839593,54839921..54839983,54841094..54841208,54841681..54842115)	X	ENSG00000102316.12	ENST00000396224.1	protein_coding	protein_coding	16353	MAGED2	NP_957516	10916.0	606	1	213
61	ENSP00000380681.2	PF01454	MAGE	6.7e-14	47.1	115	283	LVRlalacesqrtpIrreeikkkvlgeqgkrafkkvfeeaqkqLrdvFGmeLvelpskeekkstessqekraaekakskkstrsksyiLvstlpeeyreaaaiiapskiesealeekeaaykGiltvvlslillsggsiseqeLekyLkrlgldenstsveitklklkldelLk.klvkqgYlvrekeskasdeeeekveyrvGpRakvEigee	LMHFILRKYKMREPIMKADMLK-VVDEKYKDHFTEILNGASRRLELVFGLDLKEDNPSG-------------------------HTYTLVSKLNLTNDGNLSNDWD--FPR----------NGLLMPLLGVIFLKGNSATEEEIWKFMNVLGAYDG----EEHLIYGEPRKFITqDLVQEKYLKYEQV---PNSDPPRYQFLWGPRAYAETTKM	1,2,3,4,5,6,7,8,9,10,11,12,13,14,15,16,17,18,19,20,21,22,23,24,25,26,27,28,29,30,31,32,33,34,35,36,37,38,39,40,41,42,43,44,45,46,47,48,49,50,51,52,53,54,55,56,57,58,59,60,61,62,63,64,65,66,67,68,69,70,71,72,73,74,75,76,77,78,79,80,81,82,83,84,85,86,87,88,89,90,91,92,93,94,95,96,97,98,99,100,101,102,103,104,105,106,107,108,109,110,111,112,113,114,115,116,117,118,119,120,121,122,123,124,125,126,127,128,129,130,131,132,133,134,135,136,137,138,139,140,141,142,143,144,145,146,147,148,149,150,151,152,153,154,155,156,157,158,159,160,161,162,163,164,165,166,167,168,169,170,171,172,173,174,a174-0,175,176,177,178,179,180,181,182,183,184,185,186,187,188,189,190,191,192,193,194,195,196,197,198,199,200,201,202,203,204,205,206,207,208,209,210,211,212,213	ENSP00000380681.2	known	GRCh37:X:30268611..30269654	X	ENSG00000214107.3	ENST00000397548.2	protein_coding	protein_coding	6808	MAGEB1	NP_796379	4112.0	347	1	213
62	ENSP00000380683.1	PF01454	MAGE	6.7e-14	47.1	115	283	LVRlalacesqrtpIrreeikkkvlgeqgkrafkkvfeeaqkqLrdvFGmeLvelpskeekkstessqekraaekakskkstrsksyiLvstlpeeyreaaaiiapskiesealeekeaaykGiltvvlslillsggsiseqeLekyLkrlgldenstsveitklklkldelLk.klvkqgYlvrekeskasdeeeekveyrvGpRakvEigee	LMHFILRKYKMREPIMKADMLK-VVDEKYKDHFTEILNGASRRLELVFGLDLKEDNPSG-------------------------HTYTLVSKLNLTNDGNLSNDWD--FPR----------NGLLMPLLGVIFLKGNSATEEEIWKFMNVLGAYDG----EEHLIYGEPRKFITqDLVQEKYLKYEQV---PNSDPPRYQFLWGPRAYAETTKM	1,2,3,4,5,6,7,8,9,10,11,12,13,14,15,16,17,18,19,20,21,22,23,24,25,26,27,28,29,30,31,32,33,34,35,36,37,38,39,40,41,42,43,44,45,46,47,48,49,50,51,52,53,54,55,56,57,58,59,60,61,62,63,64,65,66,67,68,69,70,71,72,73,74,75,76,77,78,79,80,81,82,83,84,85,86,87,88,89,90,91,92,93,94,95,96,97,98,99,100,101,102,103,104,105,106,107,108,109,110,111,112,113,114,115,116,117,118,119,120,121,122,123,124,125,126,127,128,129,130,131,132,133,134,135,136,137,138,139,140,141,142,143,144,145,146,147,148,149,150,151,152,153,154,155,156,157,158,159,160,161,162,163,164,165,166,167,168,169,170,171,172,173,174,a174-0,175,176,177,178,179,180,181,182,183,184,185,186,187,188,189,190,191,192,193,194,195,196,197,198,199,200,201,202,203,204,205,206,207,208,209,210,211,212,213	ENSP00000380683.1	known	GRCh37:X:30268611..30269654	X	ENSG00000214107.3	ENST00000397550.1	protein_coding	protein_coding	6808	MAGEB1	NP_803134	4112.0	347	1	213
63	ENSP00000382641.1	PF01454	MAGE	7.2e-21	70.2	54	221	LVRlalacesqrtpIrreeikkkvlgeqgkrafkkvfeeaqkqLrdvFGmeLvelpskeekkstessqekraaekakskkstrsksyiLvstlpeeyreaaaiiapskiesealeekeaaykGiltvvlslillsggsiseqeLekyLkrlgldenstsveitklklkldelLk.klvkqgYlvrekeskasdeeeekveyrvGpRakvEigee	LVKYLLVKDQTKIPIKRSDMLRDVIQEYD-EYFPEIIERASYTLEKMFRVNLKEIDKQ-------------------------SSLYILISTQES----SAGILGTTKDTP---------KLGLLMVILSVIFMNGNKASEAVIWEVLRKLGLRPG---V-RHSLFGEVRKLITdEFVKQKYLEYKRV---PNSRPPEYEFFWGLRSYHETSKM	1,2,3,4,5,6,7,8,9,10,11,12,13,14,15,16,17,18,19,20,21,22,23,24,25,26,27,28,29,30,31,32,33,34,35,36,37,38,39,40,41,42,43,44,45,46,47,48,49,50,51,52,53,54,55,56,57,58,59,60,61,62,63,64,65,66,67,68,69,70,71,72,73,74,75,76,77,78,79,80,81,82,83,84,85,86,87,88,89,90,91,92,93,94,95,96,97,98,99,100,101,102,103,104,105,106,107,108,109,110,111,112,113,114,115,116,117,118,119,120,121,122,123,124,125,126,127,128,129,130,131,132,133,134,135,136,137,138,139,140,141,142,143,144,145,146,147,148,149,150,151,152,153,154,155,156,157,158,159,160,161,162,163,164,165,166,167,168,169,170,171,172,173,174,a174-0,175,176,177,178,179,180,181,182,183,184,185,186,187,188,189,190,191,192,193,194,195,196,197,198,199,200,201,202,203,204,205,206,207,208,209,210,211,212,213	ENSP00000382641.1	known	GRCh37:X:join(54948680..54948724,54950884..54950988,54951103..54951166,54951422..54951501,54952025..54952116,54952843..54952922,54953016..54953058,54953476..54953538,54954100..54954214,54955036..54955143,54957637..54957771)	X	ENSG00000067445.16	ENST00000399736.1	protein_coding	protein_coding	12326	TRO	NP_808225	7216.0	309	1	213
64	ENSP00000382867.1	PF01454	MAGE	1.7e-14	49.1	120	288	LVRlalacesqrtpIrreeikkkvlgeqgkrafkkvfeeaqkqLrdvFGmeLvelpskeekkstessqekraaekakskkstrsksyiLvstlpeeyreaaaiiapskiesealeekeaaykGiltvvlslillsggsiseqeLekyLkrlgldenstsveitklklkldelLk.klvkqgYlvrekeskasdeeeekveyrvGpRakvEigee	LVNFMLHKCQMKKPITKADMLKIIIKD-DESHFSEILLRASEHLEMIFGLDVVEVDPT-------------------------THCYGLFIKLGLTYD--GMLSGEKGVPK----------TGLLIIVLGVIFMKGNRATEEEVWEVLNLTGVYSG----KKHFIFGEPRMLITkDFVKEKYLEYQQV---ANSDPARYEFLWGPRAKAETSKM	1,2,3,4,5,6,7,8,9,10,11,12,13,14,15,16,17,18,19,20,21,22,23,24,25,26,27,28,29,30,31,32,33,34,35,36,37,38,39,40,41,42,43,44,45,46,47,48,49,50,51,52,53,54,55,56,57,58,59,60,61,62,63,64,65,66,67,68,69,70,71,72,73,74,75,76,77,78,79,80,81,82,83,84,85,86,87,88,89,90,91,92,93,94,95,96,97,98,99,100,101,102,103,104,105,106,107,108,109,110,111,112,113,114,115,116,117,118,119,120,121,122,123,124,125,126,127,128,129,130,131,132,133,134,135,136,137,138,139,140,141,142,143,144,145,146,147,148,149,150,151,152,153,154,155,156,157,158,159,160,161,162,163,164,165,166,167,168,169,170,171,172,173,174,a174-0,175,176,177,178,179,180,181,182,183,184,185,186,187,188,189,190,191,192,193,194,195,196,197,198,199,200,201,202,203,204,205,206,207,208,209,210,211,212,213	ENSP00000382867.1	known	GRCh37:X:35820314..35821288	X	ENSG00000189023.6	ENST00000399985.1	protein_coding	protein_coding	21188	MAGEB16		139604.0	324	1	213
65	ENSP00000382869.1	PF01454	MAGE	1.7e-14	49.1	120	288	LVRlalacesqrtpIrreeikkkvlgeqgkrafkkvfeeaqkqLrdvFGmeLvelpskeekkstessqekraaekakskkstrsksyiLvstlpeeyreaaaiiapskiesealeekeaaykGiltvvlslillsggsiseqeLekyLkrlgldenstsveitklklkldelLk.klvkqgYlvrekeskasdeeeekveyrvGpRakvEigee	LVNFMLHKCQMKKPITKADMLKIIIKD-DESHFSEILLRASEHLEMIFGLDVVEVDPT-------------------------THCYGLFIKLGLTYD--GMLSGEKGVPK----------TGLLIIVLGVIFMKGNRATEEEVWEVLNLTGVYSG----KKHFIFGEPRMLITkDFVKEKYLEYQQV---ANSDPARYEFLWGPRAKAETSKM	1,2,3,4,5,6,7,8,9,10,11,12,13,14,15,16,17,18,19,20,21,22,23,24,25,26,27,28,29,30,31,32,33,34,35,36,37,38,39,40,41,42,43,44,45,46,47,48,49,50,51,52,53,54,55,56,57,58,59,60,61,62,63,64,65,66,67,68,69,70,71,72,73,74,75,76,77,78,79,80,81,82,83,84,85,86,87,88,89,90,91,92,93,94,95,96,97,98,99,100,101,102,103,104,105,106,107,108,109,110,111,112,113,114,115,116,117,118,119,120,121,122,123,124,125,126,127,128,129,130,131,132,133,134,135,136,137,138,139,140,141,142,143,144,145,146,147,148,149,150,151,152,153,154,155,156,157,158,159,160,161,162,163,164,165,166,167,168,169,170,171,172,173,174,a174-0,175,176,177,178,179,180,181,182,183,184,185,186,187,188,189,190,191,192,193,194,195,196,197,198,199,200,201,202,203,204,205,206,207,208,209,210,211,212,213	ENSP00000382869.1	known	GRCh37:X:35820314..35821288	X	ENSG00000189023.6	ENST00000399987.1	protein_coding	protein_coding	21188	MAGEB16		139604.0	324	1	213
66	ENSP00000382870.1	PF01454	MAGE	1.7e-14	49.1	120	288	LVRlalacesqrtpIrreeikkkvlgeqgkrafkkvfeeaqkqLrdvFGmeLvelpskeekkstessqekraaekakskkstrsksyiLvstlpeeyreaaaiiapskiesealeekeaaykGiltvvlslillsggsiseqeLekyLkrlgldenstsveitklklkldelLk.klvkqgYlvrekeskasdeeeekveyrvGpRakvEigee	LVNFMLHKCQMKKPITKADMLKIIIKD-DESHFSEILLRASEHLEMIFGLDVVEVDPT-------------------------THCYGLFIKLGLTYD--GMLSGEKGVPK----------TGLLIIVLGVIFMKGNRATEEEVWEVLNLTGVYSG----KKHFIFGEPRMLITkDFVKEKYLEYQQV---ANSDPARYEFLWGPRAKAETSKM	1,2,3,4,5,6,7,8,9,10,11,12,13,14,15,16,17,18,19,20,21,22,23,24,25,26,27,28,29,30,31,32,33,34,35,36,37,38,39,40,41,42,43,44,45,46,47,48,49,50,51,52,53,54,55,56,57,58,59,60,61,62,63,64,65,66,67,68,69,70,71,72,73,74,75,76,77,78,79,80,81,82,83,84,85,86,87,88,89,90,91,92,93,94,95,96,97,98,99,100,101,102,103,104,105,106,107,108,109,110,111,112,113,114,115,116,117,118,119,120,121,122,123,124,125,126,127,128,129,130,131,132,133,134,135,136,137,138,139,140,141,142,143,144,145,146,147,148,149,150,151,152,153,154,155,156,157,158,159,160,161,162,163,164,165,166,167,168,169,170,171,172,173,174,a174-0,175,176,177,178,179,180,181,182,183,184,185,186,187,188,189,190,191,192,193,194,195,196,197,198,199,200,201,202,203,204,205,206,207,208,209,210,211,212,213	ENSP00000382870.1	known	GRCh37:X:35820314..35821288	X	ENSG00000189023.6	ENST00000399988.1	protein_coding	protein_coding	21188	MAGEB16		139604.0	324	1	213
67	ENSP00000382871.1	PF01454	MAGE	1.7e-14	49.1	120	288	LVRlalacesqrtpIrreeikkkvlgeqgkrafkkvfeeaqkqLrdvFGmeLvelpskeekkstessqekraaekakskkstrsksyiLvstlpeeyreaaaiiapskiesealeekeaaykGiltvvlslillsggsiseqeLekyLkrlgldenstsveitklklkldelLk.klvkqgYlvrekeskasdeeeekveyrvGpRakvEigee	LVNFMLHKCQMKKPITKADMLKIIIKD-DESHFSEILLRASEHLEMIFGLDVVEVDPT-------------------------THCYGLFIKLGLTYD--GMLSGEKGVPK----------TGLLIIVLGVIFMKGNRATEEEVWEVLNLTGVYSG----KKHFIFGEPRMLITkDFVKEKYLEYQQV---ANSDPARYEFLWGPRAKAETSKM	1,2,3,4,5,6,7,8,9,10,11,12,13,14,15,16,17,18,19,20,21,22,23,24,25,26,27,28,29,30,31,32,33,34,35,36,37,38,39,40,41,42,43,44,45,46,47,48,49,50,51,52,53,54,55,56,57,58,59,60,61,62,63,64,65,66,67,68,69,70,71,72,73,74,75,76,77,78,79,80,81,82,83,84,85,86,87,88,89,90,91,92,93,94,95,96,97,98,99,100,101,102,103,104,105,106,107,108,109,110,111,112,113,114,115,116,117,118,119,120,121,122,123,124,125,126,127,128,129,130,131,132,133,134,135,136,137,138,139,140,141,142,143,144,145,146,147,148,149,150,151,152,153,154,155,156,157,158,159,160,161,162,163,164,165,166,167,168,169,170,171,172,173,174,a174-0,175,176,177,178,179,180,181,182,183,184,185,186,187,188,189,190,191,192,193,194,195,196,197,198,199,200,201,202,203,204,205,206,207,208,209,210,211,212,213	ENSP00000382871.1	known	GRCh37:X:35820314..35821288	X	ENSG00000189023.6	ENST00000399989.1	protein_coding	protein_coding	21188	MAGEB16	NP_001093391	139604.0	324	1	213
68	ENSP00000382874.1	PF01454	MAGE	1.7e-14	49.1	152	320	LVRlalacesqrtpIrreeikkkvlgeqgkrafkkvfeeaqkqLrdvFGmeLvelpskeekkstessqekraaekakskkstrsksyiLvstlpeeyreaaaiiapskiesealeekeaaykGiltvvlslillsggsiseqeLekyLkrlgldenstsveitklklkldelLk.klvkqgYlvrekeskasdeeeekveyrvGpRakvEigee	LVNFMLHKCQMKKPITKADMLKIIIKD-DESHFSEILLRASEHLEMIFGLDVVEVDPT-------------------------THCYGLFIKLGLTYD--GMLSGEKGVPK----------TGLLIIVLGVIFMKGNRATEEEVWEVLNLTGVYSG----KKHFIFGEPRMLITkDFVKEKYLEYQQV---ANSDPARYEFLWGPRAKAETSKM	1,2,3,4,5,6,7,8,9,10,11,12,13,14,15,16,17,18,19,20,21,22,23,24,25,26,27,28,29,30,31,32,33,34,35,36,37,38,39,40,41,42,43,44,45,46,47,48,49,50,51,52,53,54,55,56,57,58,59,60,61,62,63,64,65,66,67,68,69,70,71,72,73,74,75,76,77,78,79,80,81,82,83,84,85,86,87,88,89,90,91,92,93,94,95,96,97,98,99,100,101,102,103,104,105,106,107,108,109,110,111,112,113,114,115,116,117,118,119,120,121,122,123,124,125,126,127,128,129,130,131,132,133,134,135,136,137,138,139,140,141,142,143,144,145,146,147,148,149,150,151,152,153,154,155,156,157,158,159,160,161,162,163,164,165,166,167,168,169,170,171,172,173,174,a174-0,175,176,177,178,179,180,181,182,183,184,185,186,187,188,189,190,191,192,193,194,195,196,197,198,199,200,201,202,203,204,205,206,207,208,209,210,211,212,213	ENSP00000382874.1	known	GRCh37:X:join(35818656..35818685,35820248..35821288)	X	ENSG00000189023.6	ENST00000399992.1	protein_coding	protein_coding	21188	MAGEB16		139604.0	356	1	213
69	ENSP00000382883.1	PF01454	MAGE	4.2e-17	57.7	116	284	LVRlalacesqrtpIrreeikkkvlgeqgkrafkkvfeeaqkqLrdvFGmeLvelpskeekkstessqekraaekakskkstrsksyiLvstlpeeyreaaaiiapskiesealeekeaaykGiltvvlslillsggsiseqeLekyLkrlgldenstsveitklklkldelLkklvkqgYlvrekeskasdeeeekveyrvGpRakvEigee	LVQFLLNKYIRKEPITREAMLK-VINRKYKQHFPEILRRSTENVEVVFGLYLKEMDPSR-------------------------QSYVLVGKLDF-----------PNQGS-LSDGGGFPLSGLLMVLLSTIFMHGNRATEEEMWECLNALGMYKG---RKHFIYGEPQELVTKDLVREGYLEYQQV---PSSDPPRYEFLWGPRARAETSKM	1,2,3,4,5,6,7,8,9,10,11,12,13,14,15,16,17,18,19,20,21,22,23,24,25,26,27,28,29,30,31,32,33,34,35,36,37,38,39,40,41,42,43,44,45,46,47,48,49,50,51,52,53,54,55,56,57,58,59,60,61,62,63,64,65,66,67,68,69,70,71,72,73,74,75,76,77,78,79,80,81,82,83,84,85,86,87,88,89,90,91,92,93,94,95,96,97,98,99,100,101,102,103,104,105,106,107,108,109,110,111,112,113,114,115,116,117,118,119,120,121,122,123,124,125,126,127,128,129,130,131,132,133,134,135,136,137,138,139,140,141,142,143,144,145,146,147,148,149,150,151,152,153,154,155,156,157,158,159,160,161,162,163,164,165,166,167,168,169,170,171,172,173,174,175,176,177,178,179,180,181,182,183,184,185,186,187,188,189,190,191,192,193,194,195,196,197,198,199,200,201,202,203,204,205,206,207,208,209,210,211,212,213	ENSP00000382883.1	known	GRCh37:X:16188506..16189516	X	ENSG00000182798.6	ENST00000400003.1	protein_coding	protein_coding	17418	MAGEB17		645864.0	336	1	213
70	ENSP00000382884.2	PF01454	MAGE	4.2e-17	57.7	116	284	LVRlalacesqrtpIrreeikkkvlgeqgkrafkkvfeeaqkqLrdvFGmeLvelpskeekkstessqekraaekakskkstrsksyiLvstlpeeyreaaaiiapskiesealeekeaaykGiltvvlslillsggsiseqeLekyLkrlgldenstsveitklklkldelLkklvkqgYlvrekeskasdeeeekveyrvGpRakvEigee	LVQFLLNKYIRKEPITREAMLK-VINRKYKQHFPEILRRSTENVEVVFGLYLKEMDPSR-------------------------QSYVLVGKLDF-----------PNQGS-LSDGGGFPLSGLLMVLLSTIFMHGNRATEEEMWECLNALGMYKG---RKHFIYGEPQELVTKDLVREGYLEYQQV---PSSDPPRYEFLWGPRARAETSKM	1,2,3,4,5,6,7,8,9,10,11,12,13,14,15,16,17,18,19,20,21,22,23,24,25,26,27,28,29,30,31,32,33,34,35,36,37,38,39,40,41,42,43,44,45,46,47,48,49,50,51,52,53,54,55,56,57,58,59,60,61,62,63,64,65,66,67,68,69,70,71,72,73,74,75,76,77,78,79,80,81,82,83,84,85,86,87,88,89,90,91,92,93,94,95,96,97,98,99,100,101,102,103,104,105,106,107,108,109,110,111,112,113,114,115,116,117,118,119,120,121,122,123,124,125,126,127,128,129,130,131,132,133,134,135,136,137,138,139,140,141,142,143,144,145,146,147,148,149,150,151,152,153,154,155,156,157,158,159,160,161,162,163,164,165,166,167,168,169,170,171,172,173,174,175,176,177,178,179,180,181,182,183,184,185,186,187,188,189,190,191,192,193,194,195,196,197,198,199,200,201,202,203,204,205,206,207,208,209,210,211,212,213	ENSP00000382884.2	known	GRCh37:X:16188506..16189516	X	ENSG00000182798.6	ENST00000400004.2	protein_coding	protein_coding	17418	MAGEB17	NP_001264236	645864.0	336	1	213
71	ENSP00000386566.1	PF01454	MAGE	6.9e-12	40.4	165	333	LVRlalacesqrtpIrreeikkkvlgeqgkrafkkvfeeaqkqLrdvFGmeLvelpskeekkstessqekraaekakskkstrsksyiLvstlpeeyreaaaiiapskiesealeekeaaykGiltvvlslillsggsiseqeLekyLkrlgldenstsveitklklkldelLk.klvkqgYlvrekeskasdeeeekveyrvGpRakvEigee	LVQFLLLKYQTKEPVTKAEMLTTVIKK-YKDYFPMIFGKAHEFIELIFGIALTDMDPDN-------------------------HSYFFEDTLDLTYE--GSLIDDQGMPK----------NCLLILILSMIFIKGSCVPEEVIWEVLSAIGVCAG----REHFIYGDPRKLLTiHWVQRKYLEYREV---PNSAPPRYEFLWGPRAHSEASKR	1,2,3,4,5,6,7,8,9,10,11,12,13,14,15,16,17,18,19,20,21,22,23,24,25,26,27,28,29,30,31,32,33,34,35,36,37,38,39,40,41,42,43,44,45,46,47,48,49,50,51,52,53,54,55,56,57,58,59,60,61,62,63,64,65,66,67,68,69,70,71,72,73,74,75,76,77,78,79,80,81,82,83,84,85,86,87,88,89,90,91,92,93,94,95,96,97,98,99,100,101,102,103,104,105,106,107,108,109,110,111,112,113,114,115,116,117,118,119,120,121,122,123,124,125,126,127,128,129,130,131,132,133,134,135,136,137,138,139,140,141,142,143,144,145,146,147,148,149,150,151,152,153,154,155,156,157,158,159,160,161,162,163,164,165,166,167,168,169,170,171,172,173,174,a174-0,175,176,177,178,179,180,181,182,183,184,185,186,187,188,189,190,191,192,193,194,195,196,197,198,199,200,201,202,203,204,205,206,207,208,209,210,211,212,213	ENSP00000386566.1	known	GRCh37:X:140984439..140985479	X	ENSG00000165509.9	ENST00000409007.1	protein_coding	protein_coding	23798	MAGEC3	XP_005262423	139081.0	346	1	213
72	ENSP00000395962.1	PF01454	MAGE	1.2e-15	52.9	420	603	LVRlalacesqrtpIrreeikkkvlgeqgkrafkkvfeeaqkqLrdvFGmeLvelpskeekkstessqekraaekakskkstrsksyiLvstlpeeyreaaaiiapskiesealeekeaaykGiltvvlslillsggsiseqeLekyLkrlgldenstsveitklklkldelLk.klvkqgYlvreke............s.kasdeeeekveyrvGpRakvEigee	LVKYLMIKDYKKIPIKRADMLKDVIREYD-EHFPEIIERATYTLEKKFGIHLKEIDKEE-------------------------HLYILVCTRDSSAR----LLGKTKDTP---------RLSLLLVILGVIFMNGNRASEAVLWEALRKMGLRPG---V-RHPFLGDLRKLITdDFVKQKNPELREEtplsmapswyleYkKIPNSNPPEYEFLWGLRARHETSKM	1,2,3,4,5,6,7,8,9,10,11,12,13,14,15,16,17,18,19,20,21,22,23,24,25,26,27,28,29,30,31,32,33,34,35,36,37,38,39,40,41,42,43,44,45,46,47,48,49,50,51,52,53,54,55,56,57,58,59,60,61,62,63,64,65,66,67,68,69,70,71,72,73,74,75,76,77,78,79,80,81,82,83,84,85,86,87,88,89,90,91,92,93,94,95,96,97,98,99,100,101,102,103,104,105,106,107,108,109,110,111,112,113,114,115,116,117,118,119,120,121,122,123,124,125,126,127,128,129,130,131,132,133,134,135,136,137,138,139,140,141,142,143,144,145,146,147,148,149,150,151,152,153,154,155,156,157,158,159,160,161,162,163,164,165,166,167,168,169,170,171,172,173,174,a174-0,175,176,177,178,179,180,181,182,183,184,185,186,187,a187-0,a187-1,a187-2,a187-3,a187-4,a187-5,a187-6,a187-7,a187-8,a187-9,a187-10,a187-11,188,a188-0,189,190,191,192,193,194,195,196,197,198,199,200,201,202,203,204,205,206,207,208,209,210,211,212,213	ENSP00000395962.1	known	GRCh37:X:complement(join(51811059..51811268,51809961..51810794,51809346..51809549,51809179..51809242,51808906..51808985,51808426..51808517,51807725..51807804,51807597..51807639,51807143..51807205,51806799..51806846,51806083..51806197,51805330..51805760,51805125..51805134))	X	ENSG00000187243.12	ENST00000431659.1	protein_coding	protein_coding	22880	MAGED4B	NP_001229291	81557.0	757	1	213
73	ENSP00000399147.1	PF01454	MAGE	1.2e-15	52.9	420	603	LVRlalacesqrtpIrreeikkkvlgeqgkrafkkvfeeaqkqLrdvFGmeLvelpskeekkstessqekraaekakskkstrsksyiLvstlpeeyreaaaiiapskiesealeekeaaykGiltvvlslillsggsiseqeLekyLkrlgldenstsveitklklkldelLk.klvkqgYlvreke............s.kasdeeeekveyrvGpRakvEigee	LVKYLMIKDYKKIPIKRADMLKDVIREYD-EHFPEIIERATYTLEKKFGIHLKEIDKEE-------------------------HLYILVCTRDSSAR----LLGKTKDTP---------RLSLLLVILGVIFMNGNRASEAVLWEALRKMGLRPG---V-RHPFLGDLRKLITdDFVKQKNPELREEtplsmapswyleYkKIPNSNPPEYEFLWGLRARHETSKM	1,2,3,4,5,6,7,8,9,10,11,12,13,14,15,16,17,18,19,20,21,22,23,24,25,26,27,28,29,30,31,32,33,34,35,36,37,38,39,40,41,42,43,44,45,46,47,48,49,50,51,52,53,54,55,56,57,58,59,60,61,62,63,64,65,66,67,68,69,70,71,72,73,74,75,76,77,78,79,80,81,82,83,84,85,86,87,88,89,90,91,92,93,94,95,96,97,98,99,100,101,102,103,104,105,106,107,108,109,110,111,112,113,114,115,116,117,118,119,120,121,122,123,124,125,126,127,128,129,130,131,132,133,134,135,136,137,138,139,140,141,142,143,144,145,146,147,148,149,150,151,152,153,154,155,156,157,158,159,160,161,162,163,164,165,166,167,168,169,170,171,172,173,174,a174-0,175,176,177,178,179,180,181,182,183,184,185,186,187,a187-0,a187-1,a187-2,a187-3,a187-4,a187-5,a187-6,a187-7,a187-8,a187-9,a187-10,a187-11,188,a188-0,189,190,191,192,193,194,195,196,197,198,199,200,201,202,203,204,205,206,207,208,209,210,211,212,213	ENSP00000399147.1	known	GRCh37:X:join(51929019..51929228,51929493..51930326,51930738..51930941,51931045..51931108,51931302..51931381,51931770..51931861,51932483..51932562,51932648..51932690,51933082..51933144,51933441..51933488,51934090..51934204,51934527..51934957,51935153..51935162)	X	ENSG00000154545.12	ENST00000416960.1	protein_coding	protein_coding	23793	MAGED4	NP_001258990	81557.0	757	1	213
74	ENSP00000404794.1	PF01454	MAGE	7.2e-21	70.2	451	618	LVRlalacesqrtpIrreeikkkvlgeqgkrafkkvfeeaqkqLrdvFGmeLvelpskeekkstessqekraaekakskkstrsksyiLvstlpeeyreaaaiiapskiesealeekeaaykGiltvvlslillsggsiseqeLekyLkrlgldenstsveitklklkldelLk.klvkqgYlvrekeskasdeeeekveyrvGpRakvEigee	LVKYLLVKDQTKIPIKRSDMLRDVIQEYD-EYFPEIIERASYTLEKMFRVNLKEIDKQ-------------------------SSLYILISTQES----SAGILGTTKDTP---------KLGLLMVILSVIFMNGNKASEAVIWEVLRKLGLRPG---V-RHSLFGEVRKLITdEFVKQKYLEYKRV---PNSRPPEYEFFWGLRSYHETSKM	1,2,3,4,5,6,7,8,9,10,11,12,13,14,15,16,17,18,19,20,21,22,23,24,25,26,27,28,29,30,31,32,33,34,35,36,37,38,39,40,41,42,43,44,45,46,47,48,49,50,51,52,53,54,55,56,57,58,59,60,61,62,63,64,65,66,67,68,69,70,71,72,73,74,75,76,77,78,79,80,81,82,83,84,85,86,87,88,89,90,91,92,93,94,95,96,97,98,99,100,101,102,103,104,105,106,107,108,109,110,111,112,113,114,115,116,117,118,119,120,121,122,123,124,125,126,127,128,129,130,131,132,133,134,135,136,137,138,139,140,141,142,143,144,145,146,147,148,149,150,151,152,153,154,155,156,157,158,159,160,161,162,163,164,165,166,167,168,169,170,171,172,173,174,a174-0,175,176,177,178,179,180,181,182,183,184,185,186,187,188,189,190,191,192,193,194,195,196,197,198,199,200,201,202,203,204,205,206,207,208,209,210,211,212,213	ENSP00000404794.1	known	GRCh37:X:join(54948680..54948724,54949011..54950201,54950884..54950988,54951103..54951166,54951422..54951501,54952025..54952116,54952843..54952922,54953016..54953058,54953476..54953538,54954100..54954214,54955036..54955143,54957174..54957233)	X	ENSG00000067445.16	ENST00000445561.1	protein_coding	nonsense_mediated_decay	12326	TRO		7216.0	681	1	213
75	ENSP00000421861.1	PF01454	MAGE	1.2e-15	52.9	420	603	LVRlalacesqrtpIrreeikkkvlgeqgkrafkkvfeeaqkqLrdvFGmeLvelpskeekkstessqekraaekakskkstrsksyiLvstlpeeyreaaaiiapskiesealeekeaaykGiltvvlslillsggsiseqeLekyLkrlgldenstsveitklklkldelLk.klvkqgYlvreke............s.kasdeeeekveyrvGpRakvEigee	LVKYLMIKDYKKIPIKRADMLKDVIREYD-EHFPEIIERATYTLEKKFGIHLKEIDKEE-------------------------HLYILVCTRDSSAR----LLGKTKDTP---------RLSLLLVILGVIFMNGNRASEAVLWEALRKMGLRPG---V-RHPFLGDLRKLITdDFVKQKNPELREEtplsmapswyleYkKIPNSNPPEYEFLWGLRARHETSKM	1,2,3,4,5,6,7,8,9,10,11,12,13,14,15,16,17,18,19,20,21,22,23,24,25,26,27,28,29,30,31,32,33,34,35,36,37,38,39,40,41,42,43,44,45,46,47,48,49,50,51,52,53,54,55,56,57,58,59,60,61,62,63,64,65,66,67,68,69,70,71,72,73,74,75,76,77,78,79,80,81,82,83,84,85,86,87,88,89,90,91,92,93,94,95,96,97,98,99,100,101,102,103,104,105,106,107,108,109,110,111,112,113,114,115,116,117,118,119,120,121,122,123,124,125,126,127,128,129,130,131,132,133,134,135,136,137,138,139,140,141,142,143,144,145,146,147,148,149,150,151,152,153,154,155,156,157,158,159,160,161,162,163,164,165,166,167,168,169,170,171,172,173,174,a174-0,175,176,177,178,179,180,181,182,183,184,185,186,187,a187-0,a187-1,a187-2,a187-3,a187-4,a187-5,a187-6,a187-7,a187-8,a187-9,a187-10,a187-11,188,a188-0,189,190,191,192,193,194,195,196,197,198,199,200,201,202,203,204,205,206,207,208,209,210,211,212,213	ENSP00000421861.1	known	GRCh37:X:complement(join(51811059..51811268,51809961..51810794,51809346..51809549,51809179..51809242,51808906..51808985,51808426..51808517,51807725..51807804,51807597..51807639,51807143..51807205,51806799..51806846,51806083..51806197,51805330..51805760,51805125..51805134))	X	ENSG00000187243.12	ENST00000485287.1	protein_coding	protein_coding	22880	MAGED4B		81557.0	757	1	213
76	ENSP00000423848.1	PF01454	MAGE	1e-21	73.1	420	587	LVRlalacesqrtpIrreeikkkvlgeqgkrafkkvfeeaqkqLrdvFGmeLvelpskeekkstessqekraaekakskkstrsksyiLvstlpeeyreaaaiiapskiesealeekeaaykGiltvvlslillsggsiseqeLekyLkrlgldenstsveitklklkldelLk.klvkqgYlvrekeskasdeeeekveyrvGpRakvEigee	LVKYLMIKDYKKIPIKRADMLKDVIREYD-EHFPEIIERATYTLEKKFGIHLKEIDKEE-------------------------HLYILVCTRDSSAR----LLGKTKDTP---------RLSLLLVILGVIFMNGNRASEAVLWEALRKMGLRPG---V-RHPFLGDLRKLITdDFVKQKYLEYKKI---PNSNPPEYEFLWGLRARHETSKM	1,2,3,4,5,6,7,8,9,10,11,12,13,14,15,16,17,18,19,20,21,22,23,24,25,26,27,28,29,30,31,32,33,34,35,36,37,38,39,40,41,42,43,44,45,46,47,48,49,50,51,52,53,54,55,56,57,58,59,60,61,62,63,64,65,66,67,68,69,70,71,72,73,74,75,76,77,78,79,80,81,82,83,84,85,86,87,88,89,90,91,92,93,94,95,96,97,98,99,100,101,102,103,104,105,106,107,108,109,110,111,112,113,114,115,116,117,118,119,120,121,122,123,124,125,126,127,128,129,130,131,132,133,134,135,136,137,138,139,140,141,142,143,144,145,146,147,148,149,150,151,152,153,154,155,156,157,158,159,160,161,162,163,164,165,166,167,168,169,170,171,172,173,174,a174-0,175,176,177,178,179,180,181,182,183,184,185,186,187,188,189,190,191,192,193,194,195,196,197,198,199,200,201,202,203,204,205,206,207,208,209,210,211,212,213	ENSP00000423848.1	known	GRCh37:X:complement(join(51811059..51811268,51809961..51810794,51809346..51809549,51809179..51809242,51808906..51808985,51808426..51808517,51807725..51807804,51807597..51807639,51807143..51807205,51806083..51806197,51805330..51805760,51805125..51805134))	X	ENSG00000187243.12	ENST00000497164.1	protein_coding	protein_coding	22880	MAGED4B	XP_005276770	81557.0	741	1	213
77	ENSP00000430957.1	PF01454	MAGE	8.6e-10	33.4	115	283	LVRlalacesqrtpIrreeikkkvlgeqgkrafkkvfeeaqkqLrdvFGmeLvelpskeekkstessqekraaekakskkstrsksyiLvstlpeeyreaaaiiapskiesealeekeaaykGiltvvlslillsggsiseqeLekyLkrlgldenstsveitklklkldelLk.klvkqgYlvrekeskasdeeeekveyrvGpRakvEigee	LVHFLLHKYRVKEPVTKAEMLESVIKN-YKRYFPVIFGKASEFMQVIFGTDVKEVDPAG-------------------------HSYILVTALGLSCD--SMLGDGHSMPK----------AALLIIVLGVILTKDNCAPEEVIWEALSVMGVYVG----KEHMFYGEPRKLLTqDWVQENYLEYRQV---PGSDPAHYEFLWGSKAHAETSYE	1,2,3,4,5,6,7,8,9,10,11,12,13,14,15,16,17,18,19,20,21,22,23,24,25,26,27,28,29,30,31,32,33,34,35,36,37,38,39,40,41,42,43,44,45,46,47,48,49,50,51,52,53,54,55,56,57,58,59,60,61,62,63,64,65,66,67,68,69,70,71,72,73,74,75,76,77,78,79,80,81,82,83,84,85,86,87,88,89,90,91,92,93,94,95,96,97,98,99,100,101,102,103,104,105,106,107,108,109,110,111,112,113,114,115,116,117,118,119,120,121,122,123,124,125,126,127,128,129,130,131,132,133,134,135,136,137,138,139,140,141,142,143,144,145,146,147,148,149,150,151,152,153,154,155,156,157,158,159,160,161,162,163,164,165,166,167,168,169,170,171,172,173,174,a174-0,175,176,177,178,179,180,181,182,183,184,185,186,187,188,189,190,191,192,193,194,195,196,197,198,199,200,201,202,203,204,205,206,207,208,209,210,211,212,213	ENSP00000430957.1	known	GRCh37:X:148867873..148868798	X	ENSG00000166008.5	ENST00000519822.1	protein_coding	protein_coding	6807	MAGEA9		4108.0	307	1	213
78	ENSP00000433433.1	PF01454	MAGE	1.3e-21	72.7	424	592	LVRlalacesqrtpIrreeikkkvlgeqgkrafkkvfeeaqkqLrdvFGmeLvelpskeekkstessqekraaekakskkstrsksyiLvstlpeeyreaaaiiapskiesealeekeaaykGiltvvlslillsggsiseqeLekyLkrlgldenstsveitklklkldelLk.klvkqgYlvrekeskasdeeeekveyrvGpRakvEigee	LVQFLLVKDQAKVPVQRSEMVK-VILREYKDECLDIINRANNKLECAFGYQLKEIDTKN-------------------------HAYIIINKLGY------------HTGNLVASYLDRPKFGLLMVVLSLIFMKGNCVREDLIFNFLFKLGLDVR----ETNGLFGNTKKLITeVFVRQKYLEYRRI---PYTEPAEYEFLWGPRAFLETSKM	1,2,3,4,5,6,7,8,9,10,11,12,13,14,15,16,17,18,19,20,21,22,23,24,25,26,27,28,29,30,31,32,33,34,35,36,37,38,39,40,41,42,43,44,45,46,47,48,49,50,51,52,53,54,55,56,57,58,59,60,61,62,63,64,65,66,67,68,69,70,71,72,73,74,75,76,77,78,79,80,81,82,83,84,85,86,87,88,89,90,91,92,93,94,95,96,97,98,99,100,101,102,103,104,105,106,107,108,109,110,111,112,113,114,115,116,117,118,119,120,121,122,123,124,125,126,127,128,129,130,131,132,133,134,135,136,137,138,139,140,141,142,143,144,145,146,147,148,149,150,151,152,153,154,155,156,157,158,159,160,161,162,163,164,165,166,167,168,169,170,171,172,173,174,a174-0,175,176,177,178,179,180,181,182,183,184,185,186,187,188,189,190,191,192,193,194,195,196,197,198,199,200,201,202,203,204,205,206,207,208,209,210,211,212,213	ENSP00000433433.1	known	GRCh37:15:complement(23889140..23891080)	15	ENSG00000254585.1	ENST00000532292.1	protein_coding	protein_coding	6814	MAGEL2	NP_061939	54551.0	646	1	213
79	ENSP00000438254.1	PF01454	MAGE	6.9e-12	40.4	85	253	LVRlalacesqrtpIrreeikkkvlgeqgkrafkkvfeeaqkqLrdvFGmeLvelpskeekkstessqekraaekakskkstrsksyiLvstlpeeyreaaaiiapskiesealeekeaaykGiltvvlslillsggsiseqeLekyLkrlgldenstsveitklklkldelLk.klvkqgYlvrekeskasdeeeekveyrvGpRakvEigee	LVQFLLLKYQTKEPVTKAEMLTTVIKK-YKDYFPMIFGKAHEFIELIFGIALTDMDPDN-------------------------HSYFFEDTLDLTYE--GSLIDDQGMPK----------NCLLILILSMIFIKGSCVPEEVIWEVLSAIGVCAG----REHFIYGDPRKLLTiHWVQRKYLEYREV---PNSAPPRYEFLWGPRAHSEASKR	1,2,3,4,5,6,7,8,9,10,11,12,13,14,15,16,17,18,19,20,21,22,23,24,25,26,27,28,29,30,31,32,33,34,35,36,37,38,39,40,41,42,43,44,45,46,47,48,49,50,51,52,53,54,55,56,57,58,59,60,61,62,63,64,65,66,67,68,69,70,71,72,73,74,75,76,77,78,79,80,81,82,83,84,85,86,87,88,89,90,91,92,93,94,95,96,97,98,99,100,101,102,103,104,105,106,107,108,109,110,111,112,113,114,115,116,117,118,119,120,121,122,123,124,125,126,127,128,129,130,131,132,133,134,135,136,137,138,139,140,141,142,143,144,145,146,147,148,149,150,151,152,153,154,155,156,157,158,159,160,161,162,163,164,165,166,167,168,169,170,171,172,173,174,a174-0,175,176,177,178,179,180,181,182,183,184,185,186,187,188,189,190,191,192,193,194,195,196,197,198,199,200,201,202,203,204,205,206,207,208,209,210,211,212,213	ENSP00000438254.1	known	GRCh37:X:140984679..140985479	X	ENSG00000165509.9	ENST00000443323.2	protein_coding	protein_coding	23798	MAGEC3		139081.0	266	1	213
80	ENSP00000438293.1	PF01454	MAGE	7.1e-17	57.0	119	287	LVRlalacesqrtpIrreeikkkvlgeqgkrafkkvfeeaqkqLrdvFGmeLvelpskeekkstessqekraaekakskkstrsksyiLvstlpeeyreaaaiiapskiesealeekeaaykGiltvvlslillsggsiseqeLekyLkrlgldenstsveitklklkldelLk.klvkqgYlvrekeskasdeeeekveyrvGpRakvEigee	LVRFLLRKYQIKEPVTKAEMLESVIKN-YKNHFPDIFSKASECMQVIFGIDVKEVDPAG-------------------------HSYILVTCLGLSYD---GLLGDDQSTP---------KTGLLIIVLGMILMEGSRAPEEAIWEALSVMGLYDG----REHSVYWKLRKLLTqEWVQENYLEYRQA---PGSDPVRYEFLWGPRALAETSYV	1,2,3,4,5,6,7,8,9,10,11,12,13,14,15,16,17,18,19,20,21,22,23,24,25,26,27,28,29,30,31,32,33,34,35,36,37,38,39,40,41,42,43,44,45,46,47,48,49,50,51,52,53,54,55,56,57,58,59,60,61,62,63,64,65,66,67,68,69,70,71,72,73,74,75,76,77,78,79,80,81,82,83,84,85,86,87,88,89,90,91,92,93,94,95,96,97,98,99,100,101,102,103,104,105,106,107,108,109,110,111,112,113,114,115,116,117,118,119,120,121,122,123,124,125,126,127,128,129,130,131,132,133,134,135,136,137,138,139,140,141,142,143,144,145,146,147,148,149,150,151,152,153,154,155,156,157,158,159,160,161,162,163,164,165,166,167,168,169,170,171,172,173,174,a174-0,175,176,177,178,179,180,181,182,183,184,185,186,187,188,189,190,191,192,193,194,195,196,197,198,199,200,201,202,203,204,205,206,207,208,209,210,211,212,213	ENSP00000438293.1	known	GRCh37:X:149013047..149014003	X	ENSG00000156009.5	ENST00000535454.1	protein_coding	protein_coding	6806	MAGEA8	NP_001159872	4107.0	318	1	213
81	ENSP00000438607.1	PF01454	MAGE	3.3e-18	61.4	116	284	LVRlalacesqrtpIrreeikkkvlgeqgkrafkkvfeeaqkqLrdvFGmeLvelpskeekkstessqekraaekakskkstrsksyiLvstlpeeyreaaaiiapskiesealeekeaaykGiltvvlslillsggsiseqeLekyLkrlgldenstsveitklklkldelLkklvkqgYlvrekeskasdeeeekveyrvGpRakvEigee	LVHFLLLKYRAREPVTKAEMLESVLRNCQ-DFFPVIFSKASEYLQLVFGIEVVEVVPI-------------------------SHLYILVTCLGLSYD---GLLGDNQVMP---------KTGLLIIVLAIIAIEGDCAPEEKIWEELSMLEVFEG---REDSVFAHPRKLLMQDLVQENYLEYRQV---PGSDPACYEFLWGPRALIETSYV	1,2,3,4,5,6,7,8,9,10,11,12,13,14,15,16,17,18,19,20,21,22,23,24,25,26,27,28,29,30,31,32,33,34,35,36,37,38,39,40,41,42,43,44,45,46,47,48,49,50,51,52,53,54,55,56,57,58,59,60,61,62,63,64,65,66,67,68,69,70,71,72,73,74,75,76,77,78,79,80,81,82,83,84,85,86,87,88,89,90,91,92,93,94,95,96,97,98,99,100,101,102,103,104,105,106,107,108,109,110,111,112,113,114,115,116,117,118,119,120,121,122,123,124,125,126,127,128,129,130,131,132,133,134,135,136,137,138,139,140,141,142,143,144,145,146,147,148,149,150,151,152,153,154,155,156,157,158,159,160,161,162,163,164,165,166,167,168,169,170,171,172,173,174,175,176,177,178,179,180,181,182,183,184,185,186,187,188,189,190,191,192,193,194,195,196,197,198,199,200,201,202,203,204,205,206,207,208,209,210,211,212,213	ENSP00000438607.1	known	GRCh37:X:complement(151918943..151919887)	X	ENSG00000184750.11	ENST00000543232.1	protein_coding	protein_coding	6800	MAGEA2	NP_705692	4101.0	314	1	213
82	ENSP00000440444.1	PF01454	MAGE	6.9e-12	40.4	165	333	LVRlalacesqrtpIrreeikkkvlgeqgkrafkkvfeeaqkqLrdvFGmeLvelpskeekkstessqekraaekakskkstrsksyiLvstlpeeyreaaaiiapskiesealeekeaaykGiltvvlslillsggsiseqeLekyLkrlgldenstsveitklklkldelLk.klvkqgYlvrekeskasdeeeekveyrvGpRakvEigee	LVQFLLLKYQTKEPVTKAEMLTTVIKK-YKDYFPMIFGKAHEFIELIFGIALTDMDPDN-------------------------HSYFFEDTLDLTYE--GSLIDDQGMPK----------NCLLILILSMIFIKGSCVPEEVIWEVLSAIGVCAG----REHFIYGDPRKLLTiHWVQRKYLEYREV---PNSAPPRYEFLWGPRAHSEASKR	1,2,3,4,5,6,7,8,9,10,11,12,13,14,15,16,17,18,19,20,21,22,23,24,25,26,27,28,29,30,31,32,33,34,35,36,37,38,39,40,41,42,43,44,45,46,47,48,49,50,51,52,53,54,55,56,57,58,59,60,61,62,63,64,65,66,67,68,69,70,71,72,73,74,75,76,77,78,79,80,81,82,83,84,85,86,87,88,89,90,91,92,93,94,95,96,97,98,99,100,101,102,103,104,105,106,107,108,109,110,111,112,113,114,115,116,117,118,119,120,121,122,123,124,125,126,127,128,129,130,131,132,133,134,135,136,137,138,139,140,141,142,143,144,145,146,147,148,149,150,151,152,153,154,155,156,157,158,159,160,161,162,163,164,165,166,167,168,169,170,171,172,173,174,a174-0,175,176,177,178,179,180,181,182,183,184,185,186,187,188,189,190,191,192,193,194,195,196,197,198,199,200,201,202,203,204,205,206,207,208,209,210,211,212,213	ENSP00000440444.1	known	GRCh37:X:140984439..140985479	X	ENSG00000165509.9	ENST00000544766.1	protein_coding	protein_coding	23798	MAGEC3	NP_803251	139081.0	346	1	213
83	ENSP00000441107.1	PF01454	MAGE	6.9e-12	40.4	165	333	LVRlalacesqrtpIrreeikkkvlgeqgkrafkkvfeeaqkqLrdvFGmeLvelpskeekkstessqekraaekakskkstrsksyiLvstlpeeyreaaaiiapskiesealeekeaaykGiltvvlslillsggsiseqeLekyLkrlgldenstsveitklklkldelLk.klvkqgYlvrekeskasdeeeekveyrvGpRakvEigee	LVQFLLLKYQTKEPVTKAEMLTTVIKK-YKDYFPMIFGKAHEFIELIFGIALTDMDPDN-------------------------HSYFFEDTLDLTYE--GSLIDDQGMPK----------NCLLILILSMIFIKGSCVPEEVIWEVLSAIGVCAG----REHFIYGDPRKLLTiHWVQRKYLEYREV---PNSAPPRYEFLWGPRAHSEASKR	1,2,3,4,5,6,7,8,9,10,11,12,13,14,15,16,17,18,19,20,21,22,23,24,25,26,27,28,29,30,31,32,33,34,35,36,37,38,39,40,41,42,43,44,45,46,47,48,49,50,51,52,53,54,55,56,57,58,59,60,61,62,63,64,65,66,67,68,69,70,71,72,73,74,75,76,77,78,79,80,81,82,83,84,85,86,87,88,89,90,91,92,93,94,95,96,97,98,99,100,101,102,103,104,105,106,107,108,109,110,111,112,113,114,115,116,117,118,119,120,121,122,123,124,125,126,127,128,129,130,131,132,133,134,135,136,137,138,139,140,141,142,143,144,145,146,147,148,149,150,151,152,153,154,155,156,157,158,159,160,161,162,163,164,165,166,167,168,169,170,171,172,173,174,a174-0,175,176,177,178,179,180,181,182,183,184,185,186,187,188,189,190,191,192,193,194,195,196,197,198,199,200,201,202,203,204,205,206,207,208,209,210,211,212,213	ENSP00000441107.1	known	GRCh37:X:140984439..140985479	X	ENSG00000165509.9	ENST00000536088.1	protein_coding	protein_coding	23798	MAGEC3	XP_005262423	139081.0	346	1	213
84	ENSP00000443776.1	PF01454	MAGE	7.1e-17	57.0	119	287	LVRlalacesqrtpIrreeikkkvlgeqgkrafkkvfeeaqkqLrdvFGmeLvelpskeekkstessqekraaekakskkstrsksyiLvstlpeeyreaaaiiapskiesealeekeaaykGiltvvlslillsggsiseqeLekyLkrlgldenstsveitklklkldelLk.klvkqgYlvrekeskasdeeeekveyrvGpRakvEigee	LVRFLLRKYQIKEPVTKAEMLESVIKN-YKNHFPDIFSKASECMQVIFGIDVKEVDPAG-------------------------HSYILVTCLGLSYD---GLLGDDQSTP---------KTGLLIIVLGMILMEGSRAPEEAIWEALSVMGLYDG----REHSVYWKLRKLLTqEWVQENYLEYRQA---PGSDPVRYEFLWGPRALAETSYV	1,2,3,4,5,6,7,8,9,10,11,12,13,14,15,16,17,18,19,20,21,22,23,24,25,26,27,28,29,30,31,32,33,34,35,36,37,38,39,40,41,42,43,44,45,46,47,48,49,50,51,52,53,54,55,56,57,58,59,60,61,62,63,64,65,66,67,68,69,70,71,72,73,74,75,76,77,78,79,80,81,82,83,84,85,86,87,88,89,90,91,92,93,94,95,96,97,98,99,100,101,102,103,104,105,106,107,108,109,110,111,112,113,114,115,116,117,118,119,120,121,122,123,124,125,126,127,128,129,130,131,132,133,134,135,136,137,138,139,140,141,142,143,144,145,146,147,148,149,150,151,152,153,154,155,156,157,158,159,160,161,162,163,164,165,166,167,168,169,170,171,172,173,174,a174-0,175,176,177,178,179,180,181,182,183,184,185,186,187,188,189,190,191,192,193,194,195,196,197,198,199,200,201,202,203,204,205,206,207,208,209,210,211,212,213	ENSP00000443776.1	known	GRCh37:X:149013047..149014003	X	ENSG00000156009.5	ENST00000542674.1	protein_coding	protein_coding	6806	MAGEA8	NP_001159873	4107.0	318	1	213
85	ENSP00000469399.1	PF01454	MAGE	3e-14	48.3	116	284	LVRlalacesqrtpIrreeikkkvlgeqgkrafkkvfeeaqkqLrdvFGmeLvelpskeekkstessqekraaekakskkstrsksyiLvstlpeeyreaaaiiapskiesealeekeaaykGiltvvlslillsggsiseqeLekyLkrlgldenstsveitklklkldelLkklvkqgYlvrekeskasdeeeekveyrvGpRakvEigee	LVHFLLLKYRAREPFTKAEMLGSVIRNFQ-DFFPVIFSKASEYLQLVFGIEVVEVVRIG-------------------------HLYILVTCLGLSYD---GLLGDNQIVP---------KTGLLIIVLAIIAKEGDCAPEEKIWEELSVLEASDG---REDSVFAHPRKLLTQDLVQENYLEYRQV---PGSDPACYEFLWGPRALVETSYV	1,2,3,4,5,6,7,8,9,10,11,12,13,14,15,16,17,18,19,20,21,22,23,24,25,26,27,28,29,30,31,32,33,34,35,36,37,38,39,40,41,42,43,44,45,46,47,48,49,50,51,52,53,54,55,56,57,58,59,60,61,62,63,64,65,66,67,68,69,70,71,72,73,74,75,76,77,78,79,80,81,82,83,84,85,86,87,88,89,90,91,92,93,94,95,96,97,98,99,100,101,102,103,104,105,106,107,108,109,110,111,112,113,114,115,116,117,118,119,120,121,122,123,124,125,126,127,128,129,130,131,132,133,134,135,136,137,138,139,140,141,142,143,144,145,146,147,148,149,150,151,152,153,154,155,156,157,158,159,160,161,162,163,164,165,166,167,168,169,170,171,172,173,174,175,176,177,178,179,180,181,182,183,184,185,186,187,188,189,190,191,192,193,194,195,196,197,198,199,200,201,202,203,204,205,206,207,208,209,210,211,212,213	ENSP00000469399.1	known	GRCh37:HG1497_PATCH:151904634..151905578	HG1497_PATCH	ENSG00000269452.1	ENST00000594751.1	protein_coding	protein_coding	6799	MAGEA12	XP_003960133	4111.0	314	1	213
86	ENSP00000469418.1	PF01454	MAGE	7.2e-17	57.0	109	277	LVRlalacesqrtpIrreeikkkvlgeqgkrafkkvfeeaqkqLrdvFGmeLvelpskeekkstessqekraaekakskkstrsksyiLvstlpeeyreaaaiiapskiesealeekeaaykGiltvvlslillsggsiseqeLekyLkrlgldenstsveitklklkldelLk.klvkqgYlvrekeskasdeeeekveyrvGpRakvEigee	LVGFLLLKYRAREPVTKAEMLESVIKN-YKHCFPEIFGKASESLQLVFGIDVKEADPTG-------------------------HSYVLVTCLGLSYD---GLLGDNQIMP---------KTGFLIIVLVMIAMEGGHAPEEEIWEELSVMEVYDG----REHSAYGEPRKLLTqDLVQEKYLEYRQV---PDSDPARYEFLWGPRALAETSYV	1,2,3,4,5,6,7,8,9,10,11,12,13,14,15,16,17,18,19,20,21,22,23,24,25,26,27,28,29,30,31,32,33,34,35,36,37,38,39,40,41,42,43,44,45,46,47,48,49,50,51,52,53,54,55,56,57,58,59,60,61,62,63,64,65,66,67,68,69,70,71,72,73,74,75,76,77,78,79,80,81,82,83,84,85,86,87,88,89,90,91,92,93,94,95,96,97,98,99,100,101,102,103,104,105,106,107,108,109,110,111,112,113,114,115,116,117,118,119,120,121,122,123,124,125,126,127,128,129,130,131,132,133,134,135,136,137,138,139,140,141,142,143,144,145,146,147,148,149,150,151,152,153,154,155,156,157,158,159,160,161,162,163,164,165,166,167,168,169,170,171,172,173,174,a174-0,175,176,177,178,179,180,181,182,183,184,185,186,187,188,189,190,191,192,193,194,195,196,197,198,199,200,201,202,203,204,205,206,207,208,209,210,211,212,213	ENSP00000469418.1	known	GRCh37:HG1497_PATCH:152350862..152351791	HG1497_PATCH	ENSG00000269790.2	ENST00000595385.2	protein_coding	protein_coding	UNKNOWN	MAGEA1		4100.0	309	1	213
87	ENSP00000469535.1	PF01454	MAGE	7.1e-17	57.0	119	287	LVRlalacesqrtpIrreeikkkvlgeqgkrafkkvfeeaqkqLrdvFGmeLvelpskeekkstessqekraaekakskkstrsksyiLvstlpeeyreaaaiiapskiesealeekeaaykGiltvvlslillsggsiseqeLekyLkrlgldenstsveitklklkldelLk.klvkqgYlvrekeskasdeeeekveyrvGpRakvEigee	LVRFLLRKYQIKEPVTKAEMLESVIKN-YKNHFPDIFSKASECMQVIFGIDVKEVDPAG-------------------------HSYILVTCLGLSYD---GLLGDDQSTP---------KTGLLIIVLGMILMEGSRAPEEAIWEALSVMGLYDG----REHSVYWKLRKLLTqEWVQENYLEYRQA---PGSDPVRYEFLWGPRALAETSYV	1,2,3,4,5,6,7,8,9,10,11,12,13,14,15,16,17,18,19,20,21,22,23,24,25,26,27,28,29,30,31,32,33,34,35,36,37,38,39,40,41,42,43,44,45,46,47,48,49,50,51,52,53,54,55,56,57,58,59,60,61,62,63,64,65,66,67,68,69,70,71,72,73,74,75,76,77,78,79,80,81,82,83,84,85,86,87,88,89,90,91,92,93,94,95,96,97,98,99,100,101,102,103,104,105,106,107,108,109,110,111,112,113,114,115,116,117,118,119,120,121,122,123,124,125,126,127,128,129,130,131,132,133,134,135,136,137,138,139,140,141,142,143,144,145,146,147,148,149,150,151,152,153,154,155,156,157,158,159,160,161,162,163,164,165,166,167,168,169,170,171,172,173,174,a174-0,175,176,177,178,179,180,181,182,183,184,185,186,187,188,189,190,191,192,193,194,195,196,197,198,199,200,201,202,203,204,205,206,207,208,209,210,211,212,213	ENSP00000469535.1	known	GRCh37:HG1459_PATCH:148965995..148966951	HG1459_PATCH	ENSG00000268422.1	ENST00000596200.1	protein_coding	protein_coding	6806	MAGEA8		4107.0	318	1	213
88	ENSP00000469692.1	PF01454	MAGE	8.8e-20	66.6	478	645	LVRlalacesqrtpIrreeikkkvlgeqgkrafkkvfeeaqkqLrdvFGmeLvelpskeekkstessqekraaekakskkstrsksyiLvstlpeeyreaaaiiapskiesealeekeaaykGiltvvlslillsggsiseqeLekyLkrlgldenstsveitklklkldelLk.klvkqgYlvrekeskasdeeeekveyrvGpRakvEigee	LVKYLMLKDYTKVPIKRSEMLRDIIRE-YTDVYPEIIERACFVLEKKFGIQLKEIDKEE-------------------------HLYILISTPES----LAGILGTTKDTP---------KLGLLLVILGVIFMNGNRASEAVLWEALRKMGLRPG---V-RHPLLGDLRKLLTyEFVKQKYLDYRRV---PNSNPPEYEFLWGLRSYHETSKM	1,2,3,4,5,6,7,8,9,10,11,12,13,14,15,16,17,18,19,20,21,22,23,24,25,26,27,28,29,30,31,32,33,34,35,36,37,38,39,40,41,42,43,44,45,46,47,48,49,50,51,52,53,54,55,56,57,58,59,60,61,62,63,64,65,66,67,68,69,70,71,72,73,74,75,76,77,78,79,80,81,82,83,84,85,86,87,88,89,90,91,92,93,94,95,96,97,98,99,100,101,102,103,104,105,106,107,108,109,110,111,112,113,114,115,116,117,118,119,120,121,122,123,124,125,126,127,128,129,130,131,132,133,134,135,136,137,138,139,140,141,142,143,144,145,146,147,148,149,150,151,152,153,154,155,156,157,158,159,160,161,162,163,164,165,166,167,168,169,170,171,172,173,174,a174-0,175,176,177,178,179,180,181,182,183,184,185,186,187,188,189,190,191,192,193,194,195,196,197,198,199,200,201,202,203,204,205,206,207,208,209,210,211,212,213	ENSP00000469692.1	known	GRCh37:HG1433_PATCH:join(51637305..51637349,51638053..51638760,51639409..51640077,51640208..51640271,51640547..51640626,51640795..51640886,51641114..51641193,51641285..51641327,51641581..51641643,51643182..51643296,51644553..51644930)	HG1433_PATCH	ENSG00000268018.2	ENST00000599927.1	protein_coding	protein_coding	6813	MAGED1		9500.0	778	1	213
89	ENSP00000469919.1	PF01454	MAGE	3.3e-18	61.4	116	284	LVRlalacesqrtpIrreeikkkvlgeqgkrafkkvfeeaqkqLrdvFGmeLvelpskeekkstessqekraaekakskkstrsksyiLvstlpeeyreaaaiiapskiesealeekeaaykGiltvvlslillsggsiseqeLekyLkrlgldenstsveitklklkldelLkklvkqgYlvrekeskasdeeeekveyrvGpRakvEigee	LVHFLLLKYRAREPVTKAEMLESVLRNCQ-DFFPVIFSKASEYLQLVFGIEVVEVVPI-------------------------SHLYILVTCLGLSYD---GLLGDNQVMP---------KTGLLIIVLAIIAIEGDCAPEEKIWEELSMLEVFEG---REDSVFAHPRKLLMQDLVQENYLEYRQV---PGSDPACYEFLWGPRALIETSYV	1,2,3,4,5,6,7,8,9,10,11,12,13,14,15,16,17,18,19,20,21,22,23,24,25,26,27,28,29,30,31,32,33,34,35,36,37,38,39,40,41,42,43,44,45,46,47,48,49,50,51,52,53,54,55,56,57,58,59,60,61,62,63,64,65,66,67,68,69,70,71,72,73,74,75,76,77,78,79,80,81,82,83,84,85,86,87,88,89,90,91,92,93,94,95,96,97,98,99,100,101,102,103,104,105,106,107,108,109,110,111,112,113,114,115,116,117,118,119,120,121,122,123,124,125,126,127,128,129,130,131,132,133,134,135,136,137,138,139,140,141,142,143,144,145,146,147,148,149,150,151,152,153,154,155,156,157,158,159,160,161,162,163,164,165,166,167,168,169,170,171,172,173,174,175,176,177,178,179,180,181,182,183,184,185,186,187,188,189,190,191,192,193,194,195,196,197,198,199,200,201,202,203,204,205,206,207,208,209,210,211,212,213	ENSP00000469919.1	known	GRCh37:HG1497_PATCH:151885579..151886523	HG1497_PATCH	ENSG00000269081.1	ENST00000598543.1	protein_coding	protein_coding	UNKNOWN	MAGEA2	NP_001269431	4101.0	314	1	213
90	ENSP00000470281.1	PF01454	MAGE	9.8e-13	43.2	229	397	LVRlalacesqrtpIrreeikkkvlgeqgkrafkkvfeeaqkqLrdvFGmeLvelpskeekkstessqekraaekakskkstrsksyiLvstlpeeyreaaaiiapskiesealeekeaaykGiltvvlslillsggsiseqeLekyLkrlgldenstsveitklklkldelLk.klvkqgYlvrekeskasdeeeekveyrvGpRakvEigee	LVHLLLRKYRVKGLITKAEMLGSVIKN-YEDYFPEIFREASVCMQLLFGIDVKEVDPT-------------------------SHSYVLVTSLNLSYD-GIQCNEQSMPKS-----------GLLIIVLGVIFMEGNCIPEEVMWEVLSIMGVYAG----REHFLFGEPKRLLTqNWVQEKYLVYRQV---PGTDPACYEFLWGPRAHAETSKM	1,2,3,4,5,6,7,8,9,10,11,12,13,14,15,16,17,18,19,20,21,22,23,24,25,26,27,28,29,30,31,32,33,34,35,36,37,38,39,40,41,42,43,44,45,46,47,48,49,50,51,52,53,54,55,56,57,58,59,60,61,62,63,64,65,66,67,68,69,70,71,72,73,74,75,76,77,78,79,80,81,82,83,84,85,86,87,88,89,90,91,92,93,94,95,96,97,98,99,100,101,102,103,104,105,106,107,108,109,110,111,112,113,114,115,116,117,118,119,120,121,122,123,124,125,126,127,128,129,130,131,132,133,134,135,136,137,138,139,140,141,142,143,144,145,146,147,148,149,150,151,152,153,154,155,156,157,158,159,160,161,162,163,164,165,166,167,168,169,170,171,172,173,174,a174-0,175,176,177,178,179,180,181,182,183,184,185,186,187,188,189,190,191,192,193,194,195,196,197,198,199,200,201,202,203,204,205,206,207,208,209,210,211,212,213	ENSP00000470281.1	known	GRCh37:HG1459_PATCH:join(148794882..148794977,148796203..148796298,148797326..148797399,148797475..148798498)	HG1459_PATCH	ENSG00000268709.1	ENST00000597932.1	protein_coding	protein_coding	6798	MAGEA11	XP_005278240	4110.0	429	1	213
91	ENSP00000470872.1	PF01454	MAGE	3.3e-18	61.4	116	284	LVRlalacesqrtpIrreeikkkvlgeqgkrafkkvfeeaqkqLrdvFGmeLvelpskeekkstessqekraaekakskkstrsksyiLvstlpeeyreaaaiiapskiesealeekeaaykGiltvvlslillsggsiseqeLekyLkrlgldenstsveitklklkldelLkklvkqgYlvrekeskasdeeeekveyrvGpRakvEigee	LVHFLLLKYRAREPVTKAEMLESVLRNCQ-DFFPVIFSKASEYLQLVFGIEVVEVVPI-------------------------SHLYILVTCLGLSYD---GLLGDNQVMP---------KTGLLIIVLAIIAIEGDCAPEEKIWEELSMLEVFEG---REDSVFAHPRKLLMQDLVQENYLEYRQV---PGSDPACYEFLWGPRALIETSYV	1,2,3,4,5,6,7,8,9,10,11,12,13,14,15,16,17,18,19,20,21,22,23,24,25,26,27,28,29,30,31,32,33,34,35,36,37,38,39,40,41,42,43,44,45,46,47,48,49,50,51,52,53,54,55,56,57,58,59,60,61,62,63,64,65,66,67,68,69,70,71,72,73,74,75,76,77,78,79,80,81,82,83,84,85,86,87,88,89,90,91,92,93,94,95,96,97,98,99,100,101,102,103,104,105,106,107,108,109,110,111,112,113,114,115,116,117,118,119,120,121,122,123,124,125,126,127,128,129,130,131,132,133,134,135,136,137,138,139,140,141,142,143,144,145,146,147,148,149,150,151,152,153,154,155,156,157,158,159,160,161,162,163,164,165,166,167,168,169,170,171,172,173,174,175,176,177,178,179,180,181,182,183,184,185,186,187,188,189,190,191,192,193,194,195,196,197,198,199,200,201,202,203,204,205,206,207,208,209,210,211,212,213	ENSP00000470872.1	known	GRCh37:HG1497_PATCH:complement(151918891..151919835)	HG1497_PATCH	ENSG00000268606.1	ENST00000595583.1	protein_coding	protein_coding	UNKNOWN	MAGEA2	NP_001269431	4101.0	314	1	213
92	ENSP00000471017.1	PF01454	MAGE	8.6e-10	33.4	115	283	LVRlalacesqrtpIrreeikkkvlgeqgkrafkkvfeeaqkqLrdvFGmeLvelpskeekkstessqekraaekakskkstrsksyiLvstlpeeyreaaaiiapskiesealeekeaaykGiltvvlslillsggsiseqeLekyLkrlgldenstsveitklklkldelLk.klvkqgYlvrekeskasdeeeekveyrvGpRakvEigee	LVHFLLHKYRVKEPVTKAEMLESVIKN-YKRYFPVIFGKASEFMQVIFGTDVKEVDPAG-------------------------HSYILVTALGLSCD--SMLGDGHSMPK----------AALLIIVLGVILTKDNCAPEEVIWEALSVMGVYVG----KEHMFYGEPRKLLTqDWVQENYLEYRQV---PGSDPAHYEFLWGSKAHAETSYE	1,2,3,4,5,6,7,8,9,10,11,12,13,14,15,16,17,18,19,20,21,22,23,24,25,26,27,28,29,30,31,32,33,34,35,36,37,38,39,40,41,42,43,44,45,46,47,48,49,50,51,52,53,54,55,56,57,58,59,60,61,62,63,64,65,66,67,68,69,70,71,72,73,74,75,76,77,78,79,80,81,82,83,84,85,86,87,88,89,90,91,92,93,94,95,96,97,98,99,100,101,102,103,104,105,106,107,108,109,110,111,112,113,114,115,116,117,118,119,120,121,122,123,124,125,126,127,128,129,130,131,132,133,134,135,136,137,138,139,140,141,142,143,144,145,146,147,148,149,150,151,152,153,154,155,156,157,158,159,160,161,162,163,164,165,166,167,168,169,170,171,172,173,174,a174-0,175,176,177,178,179,180,181,182,183,184,185,186,187,188,189,190,191,192,193,194,195,196,197,198,199,200,201,202,203,204,205,206,207,208,209,210,211,212,213	ENSP00000471017.1	known	GRCh37:HG1459_PATCH:complement(148663954..148664901)	HG1459_PATCH	ENSG00000267978.1	ENST00000595065.1	protein_coding	protein_coding	6807	MAGEA9	XP_005278249	4108.0	315	1	213
93	ENSP00000471216.1	PF01454	MAGE	8.8e-20	66.6	478	645	LVRlalacesqrtpIrreeikkkvlgeqgkrafkkvfeeaqkqLrdvFGmeLvelpskeekkstessqekraaekakskkstrsksyiLvstlpeeyreaaaiiapskiesealeekeaaykGiltvvlslillsggsiseqeLekyLkrlgldenstsveitklklkldelLk.klvkqgYlvrekeskasdeeeekveyrvGpRakvEigee	LVKYLMLKDYTKVPIKRSEMLRDIIRE-YTDVYPEIIERACFVLEKKFGIQLKEIDKEE-------------------------HLYILISTPES----LAGILGTTKDTP---------KLGLLLVILGVIFMNGNRASEAVLWEALRKMGLRPG---V-RHPLLGDLRKLLTyEFVKQKYLDYRRV---PNSNPPEYEFLWGLRSYHETSKM	1,2,3,4,5,6,7,8,9,10,11,12,13,14,15,16,17,18,19,20,21,22,23,24,25,26,27,28,29,30,31,32,33,34,35,36,37,38,39,40,41,42,43,44,45,46,47,48,49,50,51,52,53,54,55,56,57,58,59,60,61,62,63,64,65,66,67,68,69,70,71,72,73,74,75,76,77,78,79,80,81,82,83,84,85,86,87,88,89,90,91,92,93,94,95,96,97,98,99,100,101,102,103,104,105,106,107,108,109,110,111,112,113,114,115,116,117,118,119,120,121,122,123,124,125,126,127,128,129,130,131,132,133,134,135,136,137,138,139,140,141,142,143,144,145,146,147,148,149,150,151,152,153,154,155,156,157,158,159,160,161,162,163,164,165,166,167,168,169,170,171,172,173,174,a174-0,175,176,177,178,179,180,181,182,183,184,185,186,187,188,189,190,191,192,193,194,195,196,197,198,199,200,201,202,203,204,205,206,207,208,209,210,211,212,213	ENSP00000471216.1	known	GRCh37:HG1433_PATCH:join(51637305..51637349,51638053..51638760,51639409..51640077,51640208..51640271,51640547..51640626,51640795..51640886,51641114..51641193,51641285..51641327,51641581..51641643,51643182..51643296,51644553..51644930)	HG1433_PATCH	ENSG00000268018.2	ENST00000597768.1	protein_coding	protein_coding	6813	MAGED1		9500.0	778	1	213
94	ENSP00000471528.1	PF01454	MAGE	7.1e-17	57.0	119	287	LVRlalacesqrtpIrreeikkkvlgeqgkrafkkvfeeaqkqLrdvFGmeLvelpskeekkstessqekraaekakskkstrsksyiLvstlpeeyreaaaiiapskiesealeekeaaykGiltvvlslillsggsiseqeLekyLkrlgldenstsveitklklkldelLk.klvkqgYlvrekeskasdeeeekveyrvGpRakvEigee	LVRFLLRKYQIKEPVTKAEMLESVIKN-YKNHFPDIFSKASECMQVIFGIDVKEVDPAG-------------------------HSYILVTCLGLSYD---GLLGDDQSTP---------KTGLLIIVLGMILMEGSRAPEEAIWEALSVMGLYDG----REHSVYWKLRKLLTqEWVQENYLEYRQA---PGSDPVRYEFLWGPRALAETSYV	1,2,3,4,5,6,7,8,9,10,11,12,13,14,15,16,17,18,19,20,21,22,23,24,25,26,27,28,29,30,31,32,33,34,35,36,37,38,39,40,41,42,43,44,45,46,47,48,49,50,51,52,53,54,55,56,57,58,59,60,61,62,63,64,65,66,67,68,69,70,71,72,73,74,75,76,77,78,79,80,81,82,83,84,85,86,87,88,89,90,91,92,93,94,95,96,97,98,99,100,101,102,103,104,105,106,107,108,109,110,111,112,113,114,115,116,117,118,119,120,121,122,123,124,125,126,127,128,129,130,131,132,133,134,135,136,137,138,139,140,141,142,143,144,145,146,147,148,149,150,151,152,153,154,155,156,157,158,159,160,161,162,163,164,165,166,167,168,169,170,171,172,173,174,a174-0,175,176,177,178,179,180,181,182,183,184,185,186,187,188,189,190,191,192,193,194,195,196,197,198,199,200,201,202,203,204,205,206,207,208,209,210,211,212,213	ENSP00000471528.1	known	GRCh37:HG1459_PATCH:148965995..148966951	HG1459_PATCH	ENSG00000268422.1	ENST00000597872.1	protein_coding	protein_coding	6806	MAGEA8		4107.0	318	1	213
95	ENSP00000471699.1	PF01454	MAGE	3e-14	48.3	116	284	LVRlalacesqrtpIrreeikkkvlgeqgkrafkkvfeeaqkqLrdvFGmeLvelpskeekkstessqekraaekakskkstrsksyiLvstlpeeyreaaaiiapskiesealeekeaaykGiltvvlslillsggsiseqeLekyLkrlgldenstsveitklklkldelLkklvkqgYlvrekeskasdeeeekveyrvGpRakvEigee	LVHFLLLKYRAREPFTKAEMLGSVIRNFQ-DFFPVIFSKASEYLQLVFGIEVVEVVRIG-------------------------HLYILVTCLGLSYD---GLLGDNQIVP---------KTGLLIIVLAIIAKEGDCAPEEKIWEELSVLEASDG---REDSVFAHPRKLLTQDLVQENYLEYRQV---PGSDPACYEFLWGPRALVETSYV	1,2,3,4,5,6,7,8,9,10,11,12,13,14,15,16,17,18,19,20,21,22,23,24,25,26,27,28,29,30,31,32,33,34,35,36,37,38,39,40,41,42,43,44,45,46,47,48,49,50,51,52,53,54,55,56,57,58,59,60,61,62,63,64,65,66,67,68,69,70,71,72,73,74,75,76,77,78,79,80,81,82,83,84,85,86,87,88,89,90,91,92,93,94,95,96,97,98,99,100,101,102,103,104,105,106,107,108,109,110,111,112,113,114,115,116,117,118,119,120,121,122,123,124,125,126,127,128,129,130,131,132,133,134,135,136,137,138,139,140,141,142,143,144,145,146,147,148,149,150,151,152,153,154,155,156,157,158,159,160,161,162,163,164,165,166,167,168,169,170,171,172,173,174,175,176,177,178,179,180,181,182,183,184,185,186,187,188,189,190,191,192,193,194,195,196,197,198,199,200,201,202,203,204,205,206,207,208,209,210,211,212,213	ENSP00000471699.1	known	GRCh37:HG1497_PATCH:151904634..151905578	HG1497_PATCH	ENSG00000269452.1	ENST00000597359.1	protein_coding	protein_coding	6799	MAGEA12	XP_003960134	4111.0	314	1	213
96	ENSP00000471829.1	PF01454	MAGE	8.6e-10	33.4	115	283	LVRlalacesqrtpIrreeikkkvlgeqgkrafkkvfeeaqkqLrdvFGmeLvelpskeekkstessqekraaekakskkstrsksyiLvstlpeeyreaaaiiapskiesealeekeaaykGiltvvlslillsggsiseqeLekyLkrlgldenstsveitklklkldelLk.klvkqgYlvrekeskasdeeeekveyrvGpRakvEigee	LVHFLLHKYRVKEPVTKAEMLESVIKN-YKRYFPVIFGKASEFMQVIFGTDVKEVDPAG-------------------------HSYILVTALGLSCD--SMLGDGHSMPK----------AALLIIVLGVILTKDNCAPEEVIWEALSVMGVYVG----KEHMFYGEPRKLLTqDWVQENYLEYRQV---PGSDPAHYEFLWGSKAHAETSYE	1,2,3,4,5,6,7,8,9,10,11,12,13,14,15,16,17,18,19,20,21,22,23,24,25,26,27,28,29,30,31,32,33,34,35,36,37,38,39,40,41,42,43,44,45,46,47,48,49,50,51,52,53,54,55,56,57,58,59,60,61,62,63,64,65,66,67,68,69,70,71,72,73,74,75,76,77,78,79,80,81,82,83,84,85,86,87,88,89,90,91,92,93,94,95,96,97,98,99,100,101,102,103,104,105,106,107,108,109,110,111,112,113,114,115,116,117,118,119,120,121,122,123,124,125,126,127,128,129,130,131,132,133,134,135,136,137,138,139,140,141,142,143,144,145,146,147,148,149,150,151,152,153,154,155,156,157,158,159,160,161,162,163,164,165,166,167,168,169,170,171,172,173,174,a174-0,175,176,177,178,179,180,181,182,183,184,185,186,187,188,189,190,191,192,193,194,195,196,197,198,199,200,201,202,203,204,205,206,207,208,209,210,211,212,213	ENSP00000471829.1	known	GRCh37:HG1459_PATCH:148867933..148868880	HG1459_PATCH	ENSG00000268337.1	ENST00000595910.1	protein_coding	protein_coding	31909	MAGEA9B	XP_005278237	4108.0	315	1	213
97	ENSP00000472118.2	PF01454	MAGE	1.2e-15	52.9	420	603	LVRlalacesqrtpIrreeikkkvlgeqgkrafkkvfeeaqkqLrdvFGmeLvelpskeekkstessqekraaekakskkstrsksyiLvstlpeeyreaaaiiapskiesealeekeaaykGiltvvlslillsggsiseqeLekyLkrlgldenstsveitklklkldelLk.klvkqgYlvreke............s.kasdeeeekveyrvGpRakvEigee	LVKYLMIKDYKKIPIKRADMLKDVIREYD-EHFPEIIERATYTLEKKFGIHLKEIDKEE-------------------------HLYILVCTRDSSAR----LLGKTKDTP---------RLSLLLVILGVIFMNGNRASEAVLWEALRKMGLRPG---V-RHPFLGDLRKLITdDFVKQKNPELREEtplsmapswyleYkKIPNSNPPEYEFLWGLRARHETSKM	1,2,3,4,5,6,7,8,9,10,11,12,13,14,15,16,17,18,19,20,21,22,23,24,25,26,27,28,29,30,31,32,33,34,35,36,37,38,39,40,41,42,43,44,45,46,47,48,49,50,51,52,53,54,55,56,57,58,59,60,61,62,63,64,65,66,67,68,69,70,71,72,73,74,75,76,77,78,79,80,81,82,83,84,85,86,87,88,89,90,91,92,93,94,95,96,97,98,99,100,101,102,103,104,105,106,107,108,109,110,111,112,113,114,115,116,117,118,119,120,121,122,123,124,125,126,127,128,129,130,131,132,133,134,135,136,137,138,139,140,141,142,143,144,145,146,147,148,149,150,151,152,153,154,155,156,157,158,159,160,161,162,163,164,165,166,167,168,169,170,171,172,173,174,a174-0,175,176,177,178,179,180,181,182,183,184,185,186,187,a187-0,a187-1,a187-2,a187-3,a187-4,a187-5,a187-6,a187-7,a187-8,a187-9,a187-10,a187-11,188,a188-0,189,190,191,192,193,194,195,196,197,198,199,200,201,202,203,204,205,206,207,208,209,210,211,212,213	ENSP00000472118.2	known	GRCh37:HG1433_PATCH:join(51928923..51929132,51929397..51930230,51930642..51930845,51930949..51931012,51931206..51931285,51931674..51931765,51932387..51932466,51932552..51932594,51932986..51933048,51933345..51933392,51933994..51934108,51934431..51934861,51935057..51935066)	HG1433_PATCH	ENSG00000269710.2	ENST00000599522.2	protein_coding	protein_coding	UNKNOWN	AC245177.1		81557.0	757	1	213
98	ENSP00000472161.1	PF01454	MAGE	3e-14	48.3	116	284	LVRlalacesqrtpIrreeikkkvlgeqgkrafkkvfeeaqkqLrdvFGmeLvelpskeekkstessqekraaekakskkstrsksyiLvstlpeeyreaaaiiapskiesealeekeaaykGiltvvlslillsggsiseqeLekyLkrlgldenstsveitklklkldelLkklvkqgYlvrekeskasdeeeekveyrvGpRakvEigee	LVHFLLLKYRAREPFTKAEMLGSVIRNFQ-DFFPVIFSKASEYLQLVFGIEVVEVVRIG-------------------------HLYILVTCLGLSYD---GLLGDNQIVP---------KTGLLIIVLAIIAKEGDCAPEEKIWEELSVLEASDG---REDSVFAHPRKLLTQDLVQENYLEYRQV---PGSDPACYEFLWGPRALVETSYV	1,2,3,4,5,6,7,8,9,10,11,12,13,14,15,16,17,18,19,20,21,22,23,24,25,26,27,28,29,30,31,32,33,34,35,36,37,38,39,40,41,42,43,44,45,46,47,48,49,50,51,52,53,54,55,56,57,58,59,60,61,62,63,64,65,66,67,68,69,70,71,72,73,74,75,76,77,78,79,80,81,82,83,84,85,86,87,88,89,90,91,92,93,94,95,96,97,98,99,100,101,102,103,104,105,106,107,108,109,110,111,112,113,114,115,116,117,118,119,120,121,122,123,124,125,126,127,128,129,130,131,132,133,134,135,136,137,138,139,140,141,142,143,144,145,146,147,148,149,150,151,152,153,154,155,156,157,158,159,160,161,162,163,164,165,166,167,168,169,170,171,172,173,174,175,176,177,178,179,180,181,182,183,184,185,186,187,188,189,190,191,192,193,194,195,196,197,198,199,200,201,202,203,204,205,206,207,208,209,210,211,212,213	ENSP00000472161.1	known	GRCh37:HG1497_PATCH:151904634..151905578	HG1497_PATCH	ENSG00000269452.1	ENST00000595895.1	protein_coding	protein_coding	6799	MAGEA12		4111.0	314	1	213
99	ENSP00000472359.1	PF01454	MAGE	1.2e-15	52.9	420	603	LVRlalacesqrtpIrreeikkkvlgeqgkrafkkvfeeaqkqLrdvFGmeLvelpskeekkstessqekraaekakskkstrsksyiLvstlpeeyreaaaiiapskiesealeekeaaykGiltvvlslillsggsiseqeLekyLkrlgldenstsveitklklkldelLk.klvkqgYlvreke............s.kasdeeeekveyrvGpRakvEigee	LVKYLMIKDYKKIPIKRADMLKDVIREYD-EHFPEIIERATYTLEKKFGIHLKEIDKEE-------------------------HLYILVCTRDSSAR----LLGKTKDTP---------RLSLLLVILGVIFMNGNRASEAVLWEALRKMGLRPG---V-RHPFLGDLRKLITdDFVKQKNPELREEtplsmapswyleYkKIPNSNPPEYEFLWGLRARHETSKM	1,2,3,4,5,6,7,8,9,10,11,12,13,14,15,16,17,18,19,20,21,22,23,24,25,26,27,28,29,30,31,32,33,34,35,36,37,38,39,40,41,42,43,44,45,46,47,48,49,50,51,52,53,54,55,56,57,58,59,60,61,62,63,64,65,66,67,68,69,70,71,72,73,74,75,76,77,78,79,80,81,82,83,84,85,86,87,88,89,90,91,92,93,94,95,96,97,98,99,100,101,102,103,104,105,106,107,108,109,110,111,112,113,114,115,116,117,118,119,120,121,122,123,124,125,126,127,128,129,130,131,132,133,134,135,136,137,138,139,140,141,142,143,144,145,146,147,148,149,150,151,152,153,154,155,156,157,158,159,160,161,162,163,164,165,166,167,168,169,170,171,172,173,174,a174-0,175,176,177,178,179,180,181,182,183,184,185,186,187,a187-0,a187-1,a187-2,a187-3,a187-4,a187-5,a187-6,a187-7,a187-8,a187-9,a187-10,a187-11,188,a188-0,189,190,191,192,193,194,195,196,197,198,199,200,201,202,203,204,205,206,207,208,209,210,211,212,213	ENSP00000472359.1	known	GRCh37:HG1433_PATCH:complement(join(51810963..51811172,51809865..51810698,51809250..51809453,51809083..51809146,51808810..51808889,51808330..51808421,51807629..51807708,51807501..51807543,51807047..51807109,51806703..51806750,51805987..51806101,51805234..51805664,51805029..51805038))	HG1433_PATCH	ENSG00000268682.4	ENST00000600173.3	protein_coding	protein_coding	22880	MAGED4B		81557.0	757	1	213
100	ENSP00000472386.1	PF01454	MAGE	7.1e-17	57.0	119	287	LVRlalacesqrtpIrreeikkkvlgeqgkrafkkvfeeaqkqLrdvFGmeLvelpskeekkstessqekraaekakskkstrsksyiLvstlpeeyreaaaiiapskiesealeekeaaykGiltvvlslillsggsiseqeLekyLkrlgldenstsveitklklkldelLk.klvkqgYlvrekeskasdeeeekveyrvGpRakvEigee	LVRFLLRKYQIKEPVTKAEMLESVIKN-YKNHFPDIFSKASECMQVIFGIDVKEVDPAG-------------------------HSYILVTCLGLSYD---GLLGDDQSTP---------KTGLLIIVLGMILMEGSRAPEEAIWEALSVMGLYDG----REHSVYWKLRKLLTqEWVQENYLEYRQA---PGSDPVRYEFLWGPRALAETSYV	1,2,3,4,5,6,7,8,9,10,11,12,13,14,15,16,17,18,19,20,21,22,23,24,25,26,27,28,29,30,31,32,33,34,35,36,37,38,39,40,41,42,43,44,45,46,47,48,49,50,51,52,53,54,55,56,57,58,59,60,61,62,63,64,65,66,67,68,69,70,71,72,73,74,75,76,77,78,79,80,81,82,83,84,85,86,87,88,89,90,91,92,93,94,95,96,97,98,99,100,101,102,103,104,105,106,107,108,109,110,111,112,113,114,115,116,117,118,119,120,121,122,123,124,125,126,127,128,129,130,131,132,133,134,135,136,137,138,139,140,141,142,143,144,145,146,147,148,149,150,151,152,153,154,155,156,157,158,159,160,161,162,163,164,165,166,167,168,169,170,171,172,173,174,a174-0,175,176,177,178,179,180,181,182,183,184,185,186,187,188,189,190,191,192,193,194,195,196,197,198,199,200,201,202,203,204,205,206,207,208,209,210,211,212,213	ENSP00000472386.1	known	GRCh37:HG1459_PATCH:148965995..148966951	HG1459_PATCH	ENSG00000268422.1	ENST00000600776.1	protein_coding	protein_coding	6806	MAGEA8		4107.0	318	1	213
101	ENSP00000472440.1	PF01454	MAGE	8.8e-20	66.6	534	701	LVRlalacesqrtpIrreeikkkvlgeqgkrafkkvfeeaqkqLrdvFGmeLvelpskeekkstessqekraaekakskkstrsksyiLvstlpeeyreaaaiiapskiesealeekeaaykGiltvvlslillsggsiseqeLekyLkrlgldenstsveitklklkldelLk.klvkqgYlvrekeskasdeeeekveyrvGpRakvEigee	LVKYLMLKDYTKVPIKRSEMLRDIIRE-YTDVYPEIIERACFVLEKKFGIQLKEIDKEE-------------------------HLYILISTPES----LAGILGTTKDTP---------KLGLLLVILGVIFMNGNRASEAVLWEALRKMGLRPG---V-RHPLLGDLRKLLTyEFVKQKYLDYRRV---PNSNPPEYEFLWGLRSYHETSKM	1,2,3,4,5,6,7,8,9,10,11,12,13,14,15,16,17,18,19,20,21,22,23,24,25,26,27,28,29,30,31,32,33,34,35,36,37,38,39,40,41,42,43,44,45,46,47,48,49,50,51,52,53,54,55,56,57,58,59,60,61,62,63,64,65,66,67,68,69,70,71,72,73,74,75,76,77,78,79,80,81,82,83,84,85,86,87,88,89,90,91,92,93,94,95,96,97,98,99,100,101,102,103,104,105,106,107,108,109,110,111,112,113,114,115,116,117,118,119,120,121,122,123,124,125,126,127,128,129,130,131,132,133,134,135,136,137,138,139,140,141,142,143,144,145,146,147,148,149,150,151,152,153,154,155,156,157,158,159,160,161,162,163,164,165,166,167,168,169,170,171,172,173,174,a174-0,175,176,177,178,179,180,181,182,183,184,185,186,187,188,189,190,191,192,193,194,195,196,197,198,199,200,201,202,203,204,205,206,207,208,209,210,211,212,213	ENSP00000472440.1	known	GRCh37:HG1433_PATCH:join(51637305..51637349,51637627..51637794,51638053..51638760,51639409..51640077,51640208..51640271,51640547..51640626,51640795..51640886,51641114..51641193,51641285..51641327,51641581..51641643,51643182..51643296,51644553..51644930)	HG1433_PATCH	ENSG00000268018.2	ENST00000593373.1	protein_coding	protein_coding	6813	MAGED1	XP_005278064	9500.0	834	1	213
102	ENSP00000472505.1	PF01454	MAGE	9.3e-14	46.6	116	284	LVRlalacesqrtpIrreeikkkvlgeqgkrafkkvfeeaqkqLrdvFGmeLvelpskeekkstessqekraaekakskkstrsksyiLvstlpeeyreaaaiiapskiesealeekeaaykGiltvvlslillsggsiseqeLekyLkrlgldenstsveitklklkldelLk.klvkqgYlvrekeskasdeeeekveyrvGpRakvEigee	LVHFLLLKYRAREPVTKAEMLGSVVGN-WQYFFPVIFSKASDSLQLVFGIELMEVDPIG-------------------------HVYIFATCLGLSYD---GLLGDNQIMP---------KTGFLIIILAIIAKEGDCAPEEKIWEELSVLEVFEG----REDSIFGDPKKLLTqYFVQENYLEYRQV---PGSDPACYEFLWGPRALIETSYV	1,2,3,4,5,6,7,8,9,10,11,12,13,14,15,16,17,18,19,20,21,22,23,24,25,26,27,28,29,30,31,32,33,34,35,36,37,38,39,40,41,42,43,44,45,46,47,48,49,50,51,52,53,54,55,56,57,58,59,60,61,62,63,64,65,66,67,68,69,70,71,72,73,74,75,76,77,78,79,80,81,82,83,84,85,86,87,88,89,90,91,92,93,94,95,96,97,98,99,100,101,102,103,104,105,106,107,108,109,110,111,112,113,114,115,116,117,118,119,120,121,122,123,124,125,126,127,128,129,130,131,132,133,134,135,136,137,138,139,140,141,142,143,144,145,146,147,148,149,150,151,152,153,154,155,156,157,158,159,160,161,162,163,164,165,166,167,168,169,170,171,172,173,174,a174-0,175,176,177,178,179,180,181,182,183,184,185,186,187,188,189,190,191,192,193,194,195,196,197,198,199,200,201,202,203,204,205,206,207,208,209,210,211,212,213	ENSP00000472505.1	known	GRCh37:HG1497_PATCH:complement(151935178..151936122)	HG1497_PATCH	ENSG00000269114.1	ENST00000596509.1	protein_coding	protein_coding	6804	MAGEA6		4105.0	314	1	213
103	ENSP00000473070.1	PF01454	MAGE	8.8e-20	66.6	478	645	LVRlalacesqrtpIrreeikkkvlgeqgkrafkkvfeeaqkqLrdvFGmeLvelpskeekkstessqekraaekakskkstrsksyiLvstlpeeyreaaaiiapskiesealeekeaaykGiltvvlslillsggsiseqeLekyLkrlgldenstsveitklklkldelLk.klvkqgYlvrekeskasdeeeekveyrvGpRakvEigee	LVKYLMLKDYTKVPIKRSEMLRDIIRE-YTDVYPEIIERACFVLEKKFGIQLKEIDKEE-------------------------HLYILISTPES----LAGILGTTKDTP---------KLGLLLVILGVIFMNGNRASEAVLWEALRKMGLRPG---V-RHPLLGDLRKLLTyEFVKQKYLDYRRV---PNSNPPEYEFLWGLRSYHETSKM	1,2,3,4,5,6,7,8,9,10,11,12,13,14,15,16,17,18,19,20,21,22,23,24,25,26,27,28,29,30,31,32,33,34,35,36,37,38,39,40,41,42,43,44,45,46,47,48,49,50,51,52,53,54,55,56,57,58,59,60,61,62,63,64,65,66,67,68,69,70,71,72,73,74,75,76,77,78,79,80,81,82,83,84,85,86,87,88,89,90,91,92,93,94,95,96,97,98,99,100,101,102,103,104,105,106,107,108,109,110,111,112,113,114,115,116,117,118,119,120,121,122,123,124,125,126,127,128,129,130,131,132,133,134,135,136,137,138,139,140,141,142,143,144,145,146,147,148,149,150,151,152,153,154,155,156,157,158,159,160,161,162,163,164,165,166,167,168,169,170,171,172,173,174,a174-0,175,176,177,178,179,180,181,182,183,184,185,186,187,188,189,190,191,192,193,194,195,196,197,198,199,200,201,202,203,204,205,206,207,208,209,210,211,212,213	ENSP00000473070.1	known	GRCh37:HG1433_PATCH:join(51637305..51637349,51638053..51638760,51639409..51640077,51640208..51640271,51640547..51640626,51640795..51640886,51641114..51641193,51641285..51641327,51641581..51641643,51643182..51643296,51644553..51644930)	HG1433_PATCH	ENSG00000268018.2	ENST00000597428.1	protein_coding	protein_coding	6813	MAGED1		9500.0	778	1	213
104	ENSP00000473093.1	PF01454	MAGE	5e-13	44.2	116	284	LVRlalacesqrtpIrreeikkkvlgeqgkrafkkvfeeaqkqLrdvFGmeLvelpskeekkstessqekraaekakskkstrsksyiLvstlpeeyreaaaiiapskiesealeekeaaykGiltvvlslillsggsiseqeLekyLkrlgldenstsveitklklkldelLk.klvkqgYlvrekeskasdeeeekveyrvGpRakvEigee	LVHFLLLKYRAREPVTKAEMLGSVVGN-WQYFFPVIFSKASSSLQLVFGIELMEVDPIG-------------------------HLYIFATCLGLSYD---GLLGDNQIMP---------KAGLLIIVLAIIAREGDCAPEEKIWEELSVLEVFEG----REDSILGDPKKLLTqHFVQENYLEYRQV---PGSDPACYEFLWGPRALVETSYV	1,2,3,4,5,6,7,8,9,10,11,12,13,14,15,16,17,18,19,20,21,22,23,24,25,26,27,28,29,30,31,32,33,34,35,36,37,38,39,40,41,42,43,44,45,46,47,48,49,50,51,52,53,54,55,56,57,58,59,60,61,62,63,64,65,66,67,68,69,70,71,72,73,74,75,76,77,78,79,80,81,82,83,84,85,86,87,88,89,90,91,92,93,94,95,96,97,98,99,100,101,102,103,104,105,106,107,108,109,110,111,112,113,114,115,116,117,118,119,120,121,122,123,124,125,126,127,128,129,130,131,132,133,134,135,136,137,138,139,140,141,142,143,144,145,146,147,148,149,150,151,152,153,154,155,156,157,158,159,160,161,162,163,164,165,166,167,168,169,170,171,172,173,174,a174-0,175,176,177,178,179,180,181,182,183,184,185,186,187,188,189,190,191,192,193,194,195,196,197,198,199,200,201,202,203,204,205,206,207,208,209,210,211,212,213	ENSP00000473093.1	known	GRCh37:HG1497_PATCH:151869305..151870249	HG1497_PATCH	ENSG00000268196.1	ENST00000598245.1	protein_coding	protein_coding	UNKNOWN	MAGEA3		4102.0	314	1	213
105	ENSP00000473103.1	PF01454	MAGE	2.7e-18	61.7	498	666	LVRlalacesqrtpIrreeikkkvlgeqgkrafkkvfeeaqkqLrdvFGmeLvelpskeekkstessqekraaekakskkstrsksyiLvstlpeeyreaaaiiapskiesealeekeaaykGiltvvlslillsggsiseqeLekyLkrlgldenstsveitklklkldelLk.klvkqgYlvrekeskasdeeeekveyrvGpRakvEigee	LLQFLLVKDQSKYPIRESEMREYIVKE-YRNQFPEILRRAAAHLECIFRFELRELDPE-------------------------AHTYILLNKLGP----VPFEGLEESPNG--------PKMGLLMMILGQIFLNGNQAKEAEIWEMLWRMGVQRE----RRLSIFGNPKRLLSvEFVWQRYLDYRPV---TDCKPVEYEFFWGPRSHLETTKM	1,2,3,4,5,6,7,8,9,10,11,12,13,14,15,16,17,18,19,20,21,22,23,24,25,26,27,28,29,30,31,32,33,34,35,36,37,38,39,40,41,42,43,44,45,46,47,48,49,50,51,52,53,54,55,56,57,58,59,60,61,62,63,64,65,66,67,68,69,70,71,72,73,74,75,76,77,78,79,80,81,82,83,84,85,86,87,88,89,90,91,92,93,94,95,96,97,98,99,100,101,102,103,104,105,106,107,108,109,110,111,112,113,114,115,116,117,118,119,120,121,122,123,124,125,126,127,128,129,130,131,132,133,134,135,136,137,138,139,140,141,142,143,144,145,146,147,148,149,150,151,152,153,154,155,156,157,158,159,160,161,162,163,164,165,166,167,168,169,170,171,172,173,174,a174-0,175,176,177,178,179,180,181,182,183,184,185,186,187,188,189,190,191,192,193,194,195,196,197,198,199,200,201,202,203,204,205,206,207,208,209,210,211,212,213	ENSP00000473103.1	known	GRCh37:HG1425_PATCH:75647766..75650639	HG1425_PATCH	ENSG00000269654.1	ENST00000597016.1	protein_coding	protein_coding	24934	MAGEE1		57692.0	957	1	213
106	ENSP00000473103.1	PF01454	MAGE	1e-11	39.8	752	912	LVRlalacesqrtpIrreeikkkvlgeqgkrafkkvfeeaqkqLrdvFGmeLvelpskeekkstessqekraaekakskkstrsksyiLvstlpeeyreaaaiiapskiesealeekeaaykGiltvvlslillsggsiseqeLekyLkrlgldenstsveitklklkldelLkklvkqgYlvrekeskasdeeeekveyrvGpRakvEigee	LVQLFLLMDSTKLPIPKKGILY-YIGRECSKVFPDLLNRAARTLNHVYGTELVVLDPRN-------------------------HSYTLYNRREMEETEEIVDSPNRPGNN------------FLMQVLSFIFIMGNHARESAVWAFLRGLGVQAG-----------RKHVITCRYLSQRYIDSLRV---PDSDPVQYEFVWGPRARLETSKM	1,2,3,4,5,6,7,8,9,10,11,12,13,14,15,16,17,18,19,20,21,22,23,24,25,26,27,28,29,30,31,32,33,34,35,36,37,38,39,40,41,42,43,44,45,46,47,48,49,50,51,52,53,54,55,56,57,58,59,60,61,62,63,64,65,66,67,68,69,70,71,72,73,74,75,76,77,78,79,80,81,82,83,84,85,86,87,88,89,90,91,92,93,94,95,96,97,98,99,100,101,102,103,104,105,106,107,108,109,110,111,112,113,114,115,116,117,118,119,120,121,122,123,124,125,126,127,128,129,130,131,132,133,134,135,136,137,138,139,140,141,142,143,144,145,146,147,148,149,150,151,152,153,154,155,156,157,158,159,160,161,162,163,164,165,166,167,168,169,170,171,172,173,174,175,176,177,178,179,180,181,182,183,184,185,186,187,188,189,190,191,192,193,194,195,196,197,198,199,200,201,202,203,204,205,206,207,208,209,210,211,212,213	ENSP00000473103.1	known	GRCh37:HG1425_PATCH:75647766..75650639	HG1425_PATCH	ENSG00000269654.1	ENST00000597016.1	protein_coding	protein_coding	24934	MAGEE1		57692.0	957	1	213
107	ENSP00000473110.1	PF01454	MAGE	9.8e-13	43.2	200	368	LVRlalacesqrtpIrreeikkkvlgeqgkrafkkvfeeaqkqLrdvFGmeLvelpskeekkstessqekraaekakskkstrsksyiLvstlpeeyreaaaiiapskiesealeekeaaykGiltvvlslillsggsiseqeLekyLkrlgldenstsveitklklkldelLk.klvkqgYlvrekeskasdeeeekveyrvGpRakvEigee	LVHLLLRKYRVKGLITKAEMLGSVIKN-YEDYFPEIFREASVCMQLLFGIDVKEVDPT-------------------------SHSYVLVTSLNLSYD-GIQCNEQSMPKS-----------GLLIIVLGVIFMEGNCIPEEVMWEVLSIMGVYAG----REHFLFGEPKRLLTqNWVQEKYLVYRQV---PGTDPACYEFLWGPRAHAETSKM	1,2,3,4,5,6,7,8,9,10,11,12,13,14,15,16,17,18,19,20,21,22,23,24,25,26,27,28,29,30,31,32,33,34,35,36,37,38,39,40,41,42,43,44,45,46,47,48,49,50,51,52,53,54,55,56,57,58,59,60,61,62,63,64,65,66,67,68,69,70,71,72,73,74,75,76,77,78,79,80,81,82,83,84,85,86,87,88,89,90,91,92,93,94,95,96,97,98,99,100,101,102,103,104,105,106,107,108,109,110,111,112,113,114,115,116,117,118,119,120,121,122,123,124,125,126,127,128,129,130,131,132,133,134,135,136,137,138,139,140,141,142,143,144,145,146,147,148,149,150,151,152,153,154,155,156,157,158,159,160,161,162,163,164,165,166,167,168,169,170,171,172,173,174,a174-0,175,176,177,178,179,180,181,182,183,184,185,186,187,188,189,190,191,192,193,194,195,196,197,198,199,200,201,202,203,204,205,206,207,208,209,210,211,212,213	ENSP00000473110.1	known	GRCh37:HG1459_PATCH:join(148770698..148770706,148796203..148796298,148797326..148797399,148797475..148798498)	HG1459_PATCH	ENSG00000268709.1	ENST00000597305.1	protein_coding	protein_coding	6798	MAGEA11		4110.0	400	1	213
108	ENSP00000475674.1	PF01454	MAGE	1e-21	73.1	420	587	LVRlalacesqrtpIrreeikkkvlgeqgkrafkkvfeeaqkqLrdvFGmeLvelpskeekkstessqekraaekakskkstrsksyiLvstlpeeyreaaaiiapskiesealeekeaaykGiltvvlslillsggsiseqeLekyLkrlgldenstsveitklklkldelLk.klvkqgYlvrekeskasdeeeekveyrvGpRakvEigee	LVKYLMIKDYKKIPIKRADMLKDVIREYD-EHFPEIIERATYTLEKKFGIHLKEIDKEE-------------------------HLYILVCTRDSSAR----LLGKTKDTP---------RLSLLLVILGVIFMNGNRASEAVLWEALRKMGLRPG---V-RHPFLGDLRKLITdDFVKQKYLEYKKI---PNSNPPEYEFLWGLRARHETSKM	1,2,3,4,5,6,7,8,9,10,11,12,13,14,15,16,17,18,19,20,21,22,23,24,25,26,27,28,29,30,31,32,33,34,35,36,37,38,39,40,41,42,43,44,45,46,47,48,49,50,51,52,53,54,55,56,57,58,59,60,61,62,63,64,65,66,67,68,69,70,71,72,73,74,75,76,77,78,79,80,81,82,83,84,85,86,87,88,89,90,91,92,93,94,95,96,97,98,99,100,101,102,103,104,105,106,107,108,109,110,111,112,113,114,115,116,117,118,119,120,121,122,123,124,125,126,127,128,129,130,131,132,133,134,135,136,137,138,139,140,141,142,143,144,145,146,147,148,149,150,151,152,153,154,155,156,157,158,159,160,161,162,163,164,165,166,167,168,169,170,171,172,173,174,a174-0,175,176,177,178,179,180,181,182,183,184,185,186,187,188,189,190,191,192,193,194,195,196,197,198,199,200,201,202,203,204,205,206,207,208,209,210,211,212,213	ENSP00000475674.1	known	GRCh37:HG1433_PATCH:complement(join(51810963..51811172,51809865..51810698,51809250..51809453,51809083..51809146,51808810..51808889,51808330..51808421,51807629..51807708,51807501..51807543,51807047..51807109,51805987..51806101,51805234..51805664,51805029..51805038))	HG1433_PATCH	ENSG00000268682.4	ENST00000606833.1	protein_coding	protein_coding	22880	MAGED4B	XP_005276770	81557.0	741	1	213
109	ENSP00000475815.1	PF01454	MAGE	1e-21	73.1	420	587	LVRlalacesqrtpIrreeikkkvlgeqgkrafkkvfeeaqkqLrdvFGmeLvelpskeekkstessqekraaekakskkstrsksyiLvstlpeeyreaaaiiapskiesealeekeaaykGiltvvlslillsggsiseqeLekyLkrlgldenstsveitklklkldelLk.klvkqgYlvrekeskasdeeeekveyrvGpRakvEigee	LVKYLMIKDYKKIPIKRADMLKDVIREYD-EHFPEIIERATYTLEKKFGIHLKEIDKEE-------------------------HLYILVCTRDSSAR----LLGKTKDTP---------RLSLLLVILGVIFMNGNRASEAVLWEALRKMGLRPG---V-RHPFLGDLRKLITdDFVKQKYLEYKKI---PNSNPPEYEFLWGLRARHETSKM	1,2,3,4,5,6,7,8,9,10,11,12,13,14,15,16,17,18,19,20,21,22,23,24,25,26,27,28,29,30,31,32,33,34,35,36,37,38,39,40,41,42,43,44,45,46,47,48,49,50,51,52,53,54,55,56,57,58,59,60,61,62,63,64,65,66,67,68,69,70,71,72,73,74,75,76,77,78,79,80,81,82,83,84,85,86,87,88,89,90,91,92,93,94,95,96,97,98,99,100,101,102,103,104,105,106,107,108,109,110,111,112,113,114,115,116,117,118,119,120,121,122,123,124,125,126,127,128,129,130,131,132,133,134,135,136,137,138,139,140,141,142,143,144,145,146,147,148,149,150,151,152,153,154,155,156,157,158,159,160,161,162,163,164,165,166,167,168,169,170,171,172,173,174,a174-0,175,176,177,178,179,180,181,182,183,184,185,186,187,188,189,190,191,192,193,194,195,196,197,198,199,200,201,202,203,204,205,206,207,208,209,210,211,212,213	ENSP00000475815.1	known	GRCh37:HG1433_PATCH:complement(join(51810963..51811172,51809865..51810698,51809250..51809453,51809083..51809146,51808810..51808889,51808330..51808421,51807629..51807708,51807501..51807543,51807047..51807109,51805987..51806101,51805234..51805664,51805029..51805038))	HG1433_PATCH	ENSG00000268682.4	ENST00000606940.1	protein_coding	protein_coding	22880	MAGED4B	XP_005278055	81557.0	741	1	213
110	ENSP00000476029.1	PF01454	MAGE	1.2e-15	52.9	420	603	LVRlalacesqrtpIrreeikkkvlgeqgkrafkkvfeeaqkqLrdvFGmeLvelpskeekkstessqekraaekakskkstrsksyiLvstlpeeyreaaaiiapskiesealeekeaaykGiltvvlslillsggsiseqeLekyLkrlgldenstsveitklklkldelLk.klvkqgYlvreke............s.kasdeeeekveyrvGpRakvEigee	LVKYLMIKDYKKIPIKRADMLKDVIREYD-EHFPEIIERATYTLEKKFGIHLKEIDKEE-------------------------HLYILVCTRDSSAR----LLGKTKDTP---------RLSLLLVILGVIFMNGNRASEAVLWEALRKMGLRPG---V-RHPFLGDLRKLITdDFVKQKNPELREEtplsmapswyleYkKIPNSNPPEYEFLWGLRARHETSKM	1,2,3,4,5,6,7,8,9,10,11,12,13,14,15,16,17,18,19,20,21,22,23,24,25,26,27,28,29,30,31,32,33,34,35,36,37,38,39,40,41,42,43,44,45,46,47,48,49,50,51,52,53,54,55,56,57,58,59,60,61,62,63,64,65,66,67,68,69,70,71,72,73,74,75,76,77,78,79,80,81,82,83,84,85,86,87,88,89,90,91,92,93,94,95,96,97,98,99,100,101,102,103,104,105,106,107,108,109,110,111,112,113,114,115,116,117,118,119,120,121,122,123,124,125,126,127,128,129,130,131,132,133,134,135,136,137,138,139,140,141,142,143,144,145,146,147,148,149,150,151,152,153,154,155,156,157,158,159,160,161,162,163,164,165,166,167,168,169,170,171,172,173,174,a174-0,175,176,177,178,179,180,181,182,183,184,185,186,187,a187-0,a187-1,a187-2,a187-3,a187-4,a187-5,a187-6,a187-7,a187-8,a187-9,a187-10,a187-11,188,a188-0,189,190,191,192,193,194,195,196,197,198,199,200,201,202,203,204,205,206,207,208,209,210,211,212,213	ENSP00000476029.1	novel	GRCh37:HG1433_PATCH:complement(join(51810963..51811172,51809865..51810698,51809250..51809453,51809083..51809146,51808810..51808889,51808330..51808421,51807629..51807708,51807501..51807543,51807047..51807109,51806703..51806750,51805987..51806101,51805234..51805664,51805029..51805038))	HG1433_PATCH	ENSG00000268682.4	ENST00000606206.1	protein_coding	protein_coding	22880	MAGED4B		81557.0	757	1	213
111	ENSP00000476249.1	PF01454	MAGE	1e-21	73.1	420	587	LVRlalacesqrtpIrreeikkkvlgeqgkrafkkvfeeaqkqLrdvFGmeLvelpskeekkstessqekraaekakskkstrsksyiLvstlpeeyreaaaiiapskiesealeekeaaykGiltvvlslillsggsiseqeLekyLkrlgldenstsveitklklkldelLk.klvkqgYlvrekeskasdeeeekveyrvGpRakvEigee	LVKYLMIKDYKKIPIKRADMLKDVIREYD-EHFPEIIERATYTLEKKFGIHLKEIDKEE-------------------------HLYILVCTRDSSAR----LLGKTKDTP---------RLSLLLVILGVIFMNGNRASEAVLWEALRKMGLRPG---V-RHPFLGDLRKLITdDFVKQKYLEYKKI---PNSNPPEYEFLWGLRARHETSKM	1,2,3,4,5,6,7,8,9,10,11,12,13,14,15,16,17,18,19,20,21,22,23,24,25,26,27,28,29,30,31,32,33,34,35,36,37,38,39,40,41,42,43,44,45,46,47,48,49,50,51,52,53,54,55,56,57,58,59,60,61,62,63,64,65,66,67,68,69,70,71,72,73,74,75,76,77,78,79,80,81,82,83,84,85,86,87,88,89,90,91,92,93,94,95,96,97,98,99,100,101,102,103,104,105,106,107,108,109,110,111,112,113,114,115,116,117,118,119,120,121,122,123,124,125,126,127,128,129,130,131,132,133,134,135,136,137,138,139,140,141,142,143,144,145,146,147,148,149,150,151,152,153,154,155,156,157,158,159,160,161,162,163,164,165,166,167,168,169,170,171,172,173,174,a174-0,175,176,177,178,179,180,181,182,183,184,185,186,187,188,189,190,191,192,193,194,195,196,197,198,199,200,201,202,203,204,205,206,207,208,209,210,211,212,213	ENSP00000476249.1	known	GRCh37:HG1433_PATCH:complement(join(51810963..51811172,51809865..51810698,51809250..51809453,51809083..51809146,51808810..51808889,51808330..51808421,51807629..51807708,51807501..51807543,51807047..51807109,51805987..51806101,51805230..51805664))	HG1433_PATCH	ENSG00000268682.4	ENST00000606606.1	protein_coding	protein_coding	22880	MAGED4B		81557.0	739	1	213
