	#TargetID	pfam_id	domain_name	E-value	BitScore	TargetStart	TargetEnd	HMM_Seq	Target_Seq	HMM_Pos	prot	pep	chromosome	chrom_num	gene	transcript	gene_biotype	transcript_biotype	hgncID	hugoSymbol	refseq	entrez	length	HMMStart	HMMEnd
0	ENSP00000262302.9	PF10609	ParA	4.1e-100	333.5	12	263	kvkkviavlSgKGGVGKStvavnlAlaLakeglkvgllDaDiyGpsiprllgveeekpeqsekkllPvea...kgikvmSigfllesedeavvwrGpmkskaikqllkdvewgelDyLiiDlPPGtgDeqltvaqkl...plagaviVttpqevaladvkkaiemfkkvkvkvlGvveNmsgfvcpkcgekteifgkgggeklaeelgvpllgeipldpeireasdegkplvlkepeseaakaleeiaekvl	GVRHIILVLSGKGGVGKSTISTELALALRHAGKKVGILDVDLCGPSIPRMLGAQGRAVHQCDRGWAPVFLdreQSISLMSVGFLLEKPDEAVVWRGPKKNALIKQFVSDVAWGELDYLVVDTPPGTSDEHMATIEALrpyQPLGALVVTTPQAVSVGDVRRELTFCRKTGLRVMGIVENMSGFTCPHCTECTSVFSRGGGEELAQLAGVPFLGSVPLDPALMRTLEEGHDFIQEFPGSPAFAALTSIAQKIL	1,2,3,4,5,6,7,8,9,10,11,12,13,14,15,16,17,18,19,20,21,22,23,24,25,26,27,28,29,30,31,32,33,34,35,36,37,38,39,40,41,42,43,44,45,46,47,48,49,50,51,52,53,54,55,56,57,58,59,60,61,62,63,64,65,66,67,68,69,70,a70-0,a70-1,a70-2,71,72,73,74,75,76,77,78,79,80,81,82,83,84,85,86,87,88,89,90,91,92,93,94,95,96,97,98,99,100,101,102,103,104,105,106,107,108,109,110,111,112,113,114,115,116,117,118,119,120,121,122,123,124,125,126,127,128,129,130,131,132,133,134,a134-0,a134-1,a134-2,135,136,137,138,139,140,141,142,143,144,145,146,147,148,149,150,151,152,153,154,155,156,157,158,159,160,161,162,163,164,165,166,167,168,169,170,171,172,173,174,175,176,177,178,179,180,181,182,183,184,185,186,187,188,189,190,191,192,193,194,195,196,197,198,199,200,201,202,203,204,205,206,207,208,209,210,211,212,213,214,215,216,217,218,219,220,221,222,223,224,225,226,227,228,229,230,231,232,233,234,235,236,237,238,239,240,241,242,243,244,245,246	ENSP00000262302.9	known	GRCh37:16:join(1833022..1833037,1836538..1836656,1836758..1836956,1837678..1837832,1837942..1838052,1838139..1838208,1838570..1838715)	16	ENSG00000095906.12	ENST00000262302.9	protein_coding	protein_coding	8042	NUBP2	NP_036357	10101.0	271	1	246
1	ENSP00000281081.7	PF10609	ParA	1.2e-102	341.9	65	311	kvkkviavlSgKGGVGKStvavnlAlaLa..keglkvgllDaDiyGpsiprllgveeekpeqsekkllPveakgikvmSigfllesedeavvwrGpmkskaikqllkdvewgelDyLiiDlPPGtgDeqltvaqklplagaviVttpqevaladvkkaiemfkkvkvkvlGvveNmsgfvcpkcgekteifgkgggeklaeelgvpllgeipldpeireasdegkplvlkepeseaakaleeiaekvl	GVKQVIVVASGKGGVGKSTTAVNLALALAanDSSKAIGLLDVDVYGPSVPKMMNLKGNPELSQSNLMRPLLNYGIACMSMGFLVE-ESEPVVWRGLMVMSAIEKLLRQVDWGQLDYLVVDMPPGTGDVQLSVSQNIPITGAVIVSTPQDIALMDAHKGAEMFRRVHVPVLGLVQNMSVFQCPKCKHKTHIFGADGARKLAQTLGLEVLGDIPLHLNIREASDTGQPIVFSQPESDEAKAYLRIAVEVV	1,2,3,4,5,6,7,8,9,10,11,12,13,14,15,16,17,18,19,20,21,22,23,24,25,26,27,28,29,a29-0,a29-1,30,31,32,33,34,35,36,37,38,39,40,41,42,43,44,45,46,47,48,49,50,51,52,53,54,55,56,57,58,59,60,61,62,63,64,65,66,67,68,69,70,71,72,73,74,75,76,77,78,79,80,81,82,83,84,85,86,87,88,89,90,91,92,93,94,95,96,97,98,99,100,101,102,103,104,105,106,107,108,109,110,111,112,113,114,115,116,117,118,119,120,121,122,123,124,125,126,127,128,129,130,131,132,133,134,135,136,137,138,139,140,141,142,143,144,145,146,147,148,149,150,151,152,153,154,155,156,157,158,159,160,161,162,163,164,165,166,167,168,169,170,171,172,173,174,175,176,177,178,179,180,181,182,183,184,185,186,187,188,189,190,191,192,193,194,195,196,197,198,199,200,201,202,203,204,205,206,207,208,209,210,211,212,213,214,215,216,217,218,219,220,221,222,223,224,225,226,227,228,229,230,231,232,233,234,235,236,237,238,239,240,241,242,243,244,245,246	ENSP00000281081.7	known	GRCh37:14:join(32030646..32030753,32031274..32031421,32034220..32034254,32068495..32068585,32142561..32142600,32142690..32142780,32256986..32257079,32295835..32295920,32315677..32315797,32319325..32319407,32328324..32328386)	14	ENSG00000151413.12	ENST00000281081.7	protein_coding	protein_coding	20278	NUBPL	NP_001188503	80224.0	319	1	246
2	ENSP00000283027.5	PF10609	ParA	1.4e-101	338.4	52	304	kvkkviavlSgKGGVGKStvavnlAlaLa.keglkvgllDaDiyGpsiprllgveeekpeqsekkllPvea.kgikvmSigfllesedeavvwrGpmkskaikqllkdvewgelDyLiiDlPPGtgDeqltvaqkl...plagaviVttpqevaladvkkaiemfkkvkvkvlGvveNmsgfvcpkcgekteif..gkgggeklaeelgvpllgeipldpeireasdegkplvlkepeseaakaleeiaekvl	TVKHKILVLSGKGGVGKSTFSAHLAHGLAeDENTQIALLDIDICGPSIPKIMGLEGEQVHQSGSGWSPVYVeDNLGVMSVGFLLSSPDDAVIWRGPKKNGMIKQFLRDVDWGEVDYLIVDTPPGTSDEHLSVVRYLataHIDGAVIITTPQEVSLQDVRKEINFCRKVKLPIIGVVENMSGFICPKCKKESQIFppTTGGAELMCQDLEVPLLGRVPLDPLIGKNCDKGQSFFIDAPDSPATLAYRSIIQRIQ	1,2,3,4,5,6,7,8,9,10,11,12,13,14,15,16,17,18,19,20,21,22,23,24,25,26,27,28,29,a29-0,30,31,32,33,34,35,36,37,38,39,40,41,42,43,44,45,46,47,48,49,50,51,52,53,54,55,56,57,58,59,60,61,62,63,64,65,66,67,68,69,70,a70-0,71,72,73,74,75,76,77,78,79,80,81,82,83,84,85,86,87,88,89,90,91,92,93,94,95,96,97,98,99,100,101,102,103,104,105,106,107,108,109,110,111,112,113,114,115,116,117,118,119,120,121,122,123,124,125,126,127,128,129,130,131,132,133,134,a134-0,a134-1,a134-2,135,136,137,138,139,140,141,142,143,144,145,146,147,148,149,150,151,152,153,154,155,156,157,158,159,160,161,162,163,164,165,166,167,168,169,170,171,172,173,174,175,176,177,178,179,180,181,182,183,184,185,186,187,188,189,a189-0,a189-1,190,191,192,193,194,195,196,197,198,199,200,201,202,203,204,205,206,207,208,209,210,211,212,213,214,215,216,217,218,219,220,221,222,223,224,225,226,227,228,229,230,231,232,233,234,235,236,237,238,239,240,241,242,243,244,245,246	ENSP00000283027.5	known	GRCh37:16:join(10837721..10837739,10837818..10837922,10841000..10841133,10846467..10846535,10849578..10849610,10850547..10850637,10851730..10851884,10855221..10855331,10855614..10855716,10861806..10861889,10862904..10862962)	16	ENSG00000103274.6	ENST00000283027.5	protein_coding	protein_coding	8041	NUBP1	NP_002475	4682.0	320	1	246
3	ENSP00000409654.2	PF10609	ParA	4.3e-94	313.5	52	293	kvkkviavlSgKGGVGKStvavnlAlaLa.keglkvgllDaDiyGpsiprllgveeekpeqsekkllPveakgikvmSigfllesedeavvwrGpmkskaikqllkdvewgelDyLiiDlPPGtgDeqltvaqkl...plagaviVttpqevaladvkkaiemfkkvkvkvlGvveNmsgfvcpkcgekteif..gkgggeklaeelgvpllgeipldpeireasdegkplvlkepeseaakaleeiaekvl	TVKHKILVLSGKGGVGKSTFSAHLAHGLAeDENTQIALLDIDICGPSIPKIMGLEGEQYVEDN----------LGVMSVGFLLSSPDDAVIWRGPKKNGMIKQFLRDVDWGEVDYLIVDTPPGTSDEHLSVVRYLataHIDGAVIITTPQEVSLQDVRKEINFCRKVKLPIIGVVENMSGFICPKCKKESQIFppTTGGAELMCQDLEVPLLGRVPLDPLIGKNCDKGQSFFIDAPDSPATLAYRSIIQRIQ	1,2,3,4,5,6,7,8,9,10,11,12,13,14,15,16,17,18,19,20,21,22,23,24,25,26,27,28,29,a29-0,30,31,32,33,34,35,36,37,38,39,40,41,42,43,44,45,46,47,48,49,50,51,52,53,54,55,56,57,58,59,60,61,62,63,64,65,66,67,68,69,70,71,72,73,74,75,76,77,78,79,80,81,82,83,84,85,86,87,88,89,90,91,92,93,94,95,96,97,98,99,100,101,102,103,104,105,106,107,108,109,110,111,112,113,114,115,116,117,118,119,120,121,122,123,124,125,126,127,128,129,130,131,132,133,134,a134-0,a134-1,a134-2,135,136,137,138,139,140,141,142,143,144,145,146,147,148,149,150,151,152,153,154,155,156,157,158,159,160,161,162,163,164,165,166,167,168,169,170,171,172,173,174,175,176,177,178,179,180,181,182,183,184,185,186,187,188,189,a189-0,a189-1,190,191,192,193,194,195,196,197,198,199,200,201,202,203,204,205,206,207,208,209,210,211,212,213,214,215,216,217,218,219,220,221,222,223,224,225,226,227,228,229,230,231,232,233,234,235,236,237,238,239,240,241,242,243,244,245,246	ENSP00000409654.2	known	GRCh37:16:join(10837721..10837739,10837818..10837922,10841000..10841133,10846467..10846535,10850547..10850637,10851730..10851884,10855221..10855331,10855614..10855716,10861806..10861889,10862904..10862962)	16	ENSG00000103274.6	ENST00000433392.2	protein_coding	protein_coding	8041	NUBP1	NP_001265435	4682.0	309	1	246
4	ENSP00000439286.1	PF10609	ParA	2.3e-73	244.6	1	215	kvkkviavlSgKGGVGKStvavnlAlaLakeglkvgllDaDiyGpsiprllgveeekpeqsekkllPveakgikvmSigfllesedeavvwrGpmkskaikqllkdvewgelDyLiiDlPPGtgDeqltvaqklplagaviVttpqevaladvkkaiemfkkvkvkvlGvveNmsgfvcpkcgekteifgkgggeklaeelgvpllgeipldpeireasdegkplvlkepeseaakaleeiaekvl	------------------------------MSKAIGLLDVDVYGPSVPKMMNLKGNPELSQSNLMRPLLNYGIACMSMGFLVE-ESEPVVWRGLMVMSAIEKLLRQVDWGQLDYLVVDMPPGTGDVQLSVSQNIPITGAVIVSTPQDIALMDAHKGAEMFRRVHVPVLGLVQNMSVFQCPKCKHKTHIFGADGARKLAQTLGLEVLGDIPLHLNIREASDTGQPIVFSQPESDEAKAYLRIAVEVV	1,2,3,4,5,6,7,8,9,10,11,12,13,14,15,16,17,18,19,20,21,22,23,24,25,26,27,28,29,30,31,32,33,34,35,36,37,38,39,40,41,42,43,44,45,46,47,48,49,50,51,52,53,54,55,56,57,58,59,60,61,62,63,64,65,66,67,68,69,70,71,72,73,74,75,76,77,78,79,80,81,82,83,84,85,86,87,88,89,90,91,92,93,94,95,96,97,98,99,100,101,102,103,104,105,106,107,108,109,110,111,112,113,114,115,116,117,118,119,120,121,122,123,124,125,126,127,128,129,130,131,132,133,134,135,136,137,138,139,140,141,142,143,144,145,146,147,148,149,150,151,152,153,154,155,156,157,158,159,160,161,162,163,164,165,166,167,168,169,170,171,172,173,174,175,176,177,178,179,180,181,182,183,184,185,186,187,188,189,190,191,192,193,194,195,196,197,198,199,200,201,202,203,204,205,206,207,208,209,210,211,212,213,214,215,216,217,218,219,220,221,222,223,224,225,226,227,228,229,230,231,232,233,234,235,236,237,238,239,240,241,242,243,244,245,246	ENSP00000439286.1	known	GRCh37:14:join(32068445..32068447,32068495..32068585,32142561..32142600,32142690..32142780,32256986..32257079,32295835..32295920,32315677..32315797,32319325..32319407,32328324..32328386)	14	ENSG00000151413.12	ENST00000536705.1	protein_coding	protein_coding	20278	NUBPL	XP_005268157	80224.0	223	1	246
5	ENSP00000454815.1	PF10609	ParA	1.1e-72	242.4	12	251	kvkkviavlSgKGGVGKStvavnlAlaLakeglkvgllDaDiyGpsiprllgveeekpeqsekkllPvea...kgikvmSigfllesedeavvwrGpmkskaikqllkdvewgelDyLiiDlPPGtgDeqltvaqkl...plagaviVttpqevaladvkkaiemfkkvkvkvlGvveNmsgfvcpkcgekteifgkgggeklaeelgvpllgeipldpeireasdegkplvlkepeseaakaleeiaekvl	GVRHIILVLSGKGGVGKSTISTELALALRHAGKKVGILDVDLCGPSIPRMLGAQGRAVHQCDRGWAPVFLdreQSISLMSVGFLLEKPDEAVVWRGPKKNALIKQFVSDVAWGELDYLVVDTPPGTSDEHMATIEALrpyQPLGALVVTTPQAVSVGDVRRELTFCRKTGLRVMGIVENMSGFTCPHCTVS--PGGCRGGEAAPGRWGLWAVLGSPPSPRSAPASSPGA----------AERSWPSSPGCPS	1,2,3,4,5,6,7,8,9,10,11,12,13,14,15,16,17,18,19,20,21,22,23,24,25,26,27,28,29,30,31,32,33,34,35,36,37,38,39,40,41,42,43,44,45,46,47,48,49,50,51,52,53,54,55,56,57,58,59,60,61,62,63,64,65,66,67,68,69,70,a70-0,a70-1,a70-2,71,72,73,74,75,76,77,78,79,80,81,82,83,84,85,86,87,88,89,90,91,92,93,94,95,96,97,98,99,100,101,102,103,104,105,106,107,108,109,110,111,112,113,114,115,116,117,118,119,120,121,122,123,124,125,126,127,128,129,130,131,132,133,134,a134-0,a134-1,a134-2,135,136,137,138,139,140,141,142,143,144,145,146,147,148,149,150,151,152,153,154,155,156,157,158,159,160,161,162,163,164,165,166,167,168,169,170,171,172,173,174,175,176,177,178,179,180,181,182,183,184,185,186,187,188,189,190,191,192,193,194,195,196,197,198,199,200,201,202,203,204,205,206,207,208,209,210,211,212,213,214,215,216,217,218,219,220,221,222,223,224,225,226,227,228,229,230,231,232,233,234,235,236,237,238,239,240,241,242,243,244,245,246	ENSP00000454815.1	putative	GRCh37:16:join(1833022..1833037,1836538..1836656,1836758..1836956,1837678..1837832,1837942..1838208)	16	ENSG00000095906.12	ENST00000565134.1	protein_coding	protein_coding	8042	NUBP2		10101.0	251	1	246
6	ENSP00000454982.1	PF10609	ParA	6.9e-38	126.8	100	270	kvkkviavlSgKGGVGKStvavnlAlaLakeglkvgllDaDiyGpsiprllgveeekpeqsekkllPvea...kgikvmSigfllesedeavvwrGpmkskaikqllkdvewgelDyLiiDlPPGtgDeqltvaqkl...plagaviVttpqevaladvkkaiemfkkvkvkvlGvveNmsgfvcpkcgekteifgk	GVRHIILVLSGKGGVGKSTISTELALALRHAGKKVGILDVDLCGPSIPRMLGAQGRAVHQCDRGWAPVFLdreQSISLMSVGFLLEKPDEAVVWRGPKKNALIKQFVSDVAWGELDYLVVDTPPGTSDEHMATIEALrpyQPLGALVVTTPQAVSVGDVRRELTFCRKTGL--------------------------	1,2,3,4,5,6,7,8,9,10,11,12,13,14,15,16,17,18,19,20,21,22,23,24,25,26,27,28,29,30,31,32,33,34,35,36,37,38,39,40,41,42,43,44,45,46,47,48,49,50,51,52,53,54,55,56,57,58,59,60,61,62,63,64,65,66,67,68,69,70,a70-0,a70-1,a70-2,71,72,73,74,75,76,77,78,79,80,81,82,83,84,85,86,87,88,89,90,91,92,93,94,95,96,97,98,99,100,101,102,103,104,105,106,107,108,109,110,111,112,113,114,115,116,117,118,119,120,121,122,123,124,125,126,127,128,129,130,131,132,133,134,a134-0,a134-1,a134-2,135,136,137,138,139,140,141,142,143,144,145,146,147,148,149,150,151,152,153,154,155,156,157,158,159,160,161,162,163,164,165,166,167,168,169,170,171,172,173,174,175,176,177,178,179,180,181,182,183,184,185,186,187,188,189,190,191	ENSP00000454982.1	novel	GRCh37:16:join(1833022..1833037,1835640..1835903,1836538..1836656,1836758..1836956,1837678..1837832,1837942..1838001)	16	ENSG00000095906.12	ENST00000568287.1	protein_coding	protein_coding	8042	NUBP2		10101.0	270	1	246
7	ENSP00000455896.1	PF10609	ParA	4.3e-50	167.3	1	203	kvkkviavlSgKGGVGKStvavnlAlaLakeglkvgllDaDiyGpsiprllgveeekpeqsekkllPvea...kgikvmSigfllesedeavvwrGpmkskaikqllkdvewgelDyLiiDlPPGtgDeqltvaqkl...plagaviVttpqevaladvkkaiemfkkvkvkvlGvveNmsgfvcpkcgekteifgkgggeklaeelgvpllgeipldpeireasdegkplvlkepeseaakaleeiaekvl	-------------------------------------------------MLGAQGRAVHQCDRGWAPVFLdreQSISLMSVGFLLEKPDEAVVWRGPKKNALIKQFVSDVAWGELDYLVVDTPPGTSDEHMATIEALrpyQPLGALVVTTPQAVSVGDVRRELTFCRKTGLRVMGIVENMSGFTCPHCTECTSVFSRGGGEELAQLAGVPFLGSVPLDPALMRTLEEGHDFIQEFPGSPAFAALTSIAQKIL	1,2,3,4,5,6,7,8,9,10,11,12,13,14,15,16,17,18,19,20,21,22,23,24,25,26,27,28,29,30,31,32,33,34,35,36,37,38,39,40,41,42,43,44,45,46,47,48,49,50,51,52,53,54,55,56,57,58,59,60,61,62,63,64,65,66,67,68,69,70,a70-0,a70-1,a70-2,71,72,73,74,75,76,77,78,79,80,81,82,83,84,85,86,87,88,89,90,91,92,93,94,95,96,97,98,99,100,101,102,103,104,105,106,107,108,109,110,111,112,113,114,115,116,117,118,119,120,121,122,123,124,125,126,127,128,129,130,131,132,133,134,a134-0,a134-1,a134-2,135,136,137,138,139,140,141,142,143,144,145,146,147,148,149,150,151,152,153,154,155,156,157,158,159,160,161,162,163,164,165,166,167,168,169,170,171,172,173,174,175,176,177,178,179,180,181,182,183,184,185,186,187,188,189,190,191,192,193,194,195,196,197,198,199,200,201,202,203,204,205,206,207,208,209,210,211,212,213,214,215,216,217,218,219,220,221,222,223,224,225,226,227,228,229,230,231,232,233,234,235,236,237,238,239,240,241,242,243,244,245,246	ENSP00000455896.1	known	GRCh37:16:join(1836803..1836956,1837678..1837832,1837942..1838052,1838139..1838208,1838570..1838715)	16	ENSG00000095906.12	ENST00000565987.1	protein_coding	protein_coding	8042	NUBP2	NP_001271430	10101.0	211	1	246
8	ENSP00000456199.1	PF10609	ParA	1.3e-08	29.5	1	143	kvkkviavlSgKGGVGKStvavnlAlaLakeglkvgllDaDiyGpsiprllgveeekpeqsekkllPvea...kgikvmSigfllesedeavvwrGpmkskaikqllkdvewgelDyLiiDlPPGtgDeqltvaqkl...plagaviVttpqevaladvkkaiemfkkvkvkvlGvveNmsgfvcpkcgekteifgkgggeklaeelgvpllgeipldpeireasdegkplvlkepeseaakaleeiaekvl	-------------------------------------------------MLGAQGRAVHQCDRGWAPVFLdreQSISLMSVGFLLEKPDEAVVWRGPKKNALIKQFVSDVAWGELDYLVVDTPPGTSDEHMATIEALrpyQPLGALVVTTPQAVSVGDVRRELTFCRKTGLRVMGIVENMSGFTCPHCTEC------------------------------------------------------------T	1,2,3,4,5,6,7,8,9,10,11,12,13,14,15,16,17,18,19,20,21,22,23,24,25,26,27,28,29,30,31,32,33,34,35,36,37,38,39,40,41,42,43,44,45,46,47,48,49,50,51,52,53,54,55,56,57,58,59,60,61,62,63,64,65,66,67,68,69,70,a70-0,a70-1,a70-2,71,72,73,74,75,76,77,78,79,80,81,82,83,84,85,86,87,88,89,90,91,92,93,94,95,96,97,98,99,100,101,102,103,104,105,106,107,108,109,110,111,112,113,114,115,116,117,118,119,120,121,122,123,124,125,126,127,128,129,130,131,132,133,134,a134-0,a134-1,a134-2,135,136,137,138,139,140,141,142,143,144,145,146,147,148,149,150,151,152,153,154,155,156,157,158,159,160,161,162,163,164,165,166,167,168,169,170,171,172,173,174,175,176,177,178,179,180,181,182,183,184,185,186,187,188,189,190,191,192,193,194,195,196,197,198,199,200,201,202,203,204,205,206,207,208,209,210,211,212,213,214,215,216,217,218,219,220,221,222,223,224,225,226,227,228,229,230,231,232,233,234,235,236,237,238,239,240,241,242,243,244,245,246	ENSP00000456199.1	putative	GRCh37:16:join(1836803..1836956,1837678..1837832,1837942..1838052,1838139..1838151)	16	ENSG00000095906.12	ENST00000562263.1	protein_coding	protein_coding	8042	NUBP2		10101.0	143	1	246
