	#TargetID	pfam_id	domain_name	E-value	BitScore	TargetStart	TargetEnd	HMM_Seq	Target_Seq	HMM_Pos	prot	pep	chromosome	chrom_num	gene	transcript	gene_biotype	transcript_biotype	hgncID	hugoSymbol	refseq	entrez	length	HMMStart	HMMEnd
0	ENSP00000007722.7	PF13517	VCBS	3.1e-12	40.6	315	389	DldgDGrlDlvva.........n.dgglrvyrnngdGtftdvtktslgg...sgggtg.vavgDlDgDGdlDllv	DLNNDGWQDLLVGapyyferkeEvGGAIYVFMNQAGTSFPAHPSLLLHGpsgSAFGLSvASIGDINQDGFQDIAV	1,2,3,4,5,6,7,8,9,10,11,12,13,a13-0,a13-1,a13-2,a13-3,a13-4,a13-5,a13-6,a13-7,a13-8,14,a14-0,15,16,17,18,19,20,21,22,23,24,25,26,27,28,29,30,31,32,33,34,35,36,37,38,39,a39-0,a39-1,a39-2,40,41,42,43,44,45,a45-0,46,47,48,49,50,51,52,53,54,55,56,57,58,59,60,61	ENSP00000007722.7	known	GRCh37:17:join(48133804..48134009,48141441..48141568,48141892..48141971,48145420..48145669,48148208..48148294,48148675..48148882,48149350..48149546,48151280..48151368,48151508..48151644,48151812..48151898,48152823..48152890,48152963..48153099,48153690..48153839,48153948..48154045,48154338..48154485,48154743..48154811,48155410..48155489,48155571..48155648,48156188..48156290,48156440..48156622,48156799..48156921,48157626..48157739,48158674..48158772,48165108..48165233,48166474..48166629)	17	ENSG00000005884.13	ENST00000007722.7	protein_coding	protein_coding	6139	ITGA3		3675.0	1066	1	61
1	ENSP00000230036.1	PF13517	VCBS	5e-10	34.2	458	532	DldgDGrlDlvva..........ndgglrvyrnngdGtftdvtktslgg....sgggtgvavgDlDgDGdlDllv	DFNVDGVPDLAVGapsvgseqltYKGAVYVYFGSKQGGMSSSPNITISCqdiyCNLGWTLLAADVNGDSEPDLVI	1,2,3,4,5,6,7,8,9,10,11,12,13,a13-0,a13-1,a13-2,a13-3,a13-4,a13-5,a13-6,a13-7,a13-8,a13-9,14,15,16,17,18,19,20,21,22,23,24,25,26,27,28,29,30,31,32,33,34,35,36,37,38,39,a39-0,a39-1,a39-2,a39-3,40,41,42,43,44,45,46,47,48,49,50,51,52,53,54,55,56,57,58,59,60,61	ENSP00000230036.1	known	GRCh37:6:complement(join(24489643..24489739,24486303..24486358,24480109..24480187,24476409..24476506,24475349..24475459,24473847..24473895,24472810..24472864,24467395..24467502,24467140..24467167,24466908..24467047,24462958..24463023,24460507..24460627,24456726..24456865,24454243..24454429,24450017..24450127,24448362..24448436,24448105..24448261,24447066..24447207,24445954..24446059,24445774..24445867,24437341..24437517,24436804..24436964,24433591..24433617,24433415..24433465,24429260..24429346))	6	ENSG00000112293.10	ENST00000230036.1	protein_coding	protein_coding	4459	GPLD1	NP_001494	2822.0	840	1	61
2	ENSP00000233573.6	PF13517	VCBS	2.6e-12	41.8	314	388	DldgDGrlDlvva........ndgglrvyrnngdGtftdvtktslggsgggtg......vavgDlDgDGdlDllv	DLNADGFSDLLVGapmqstirEEGRVFVYINSGSGAVMNAMETNLVGSDKYAArfgesiVNLGDIDNDGFEDVAI	1,2,3,4,5,6,7,8,9,10,11,12,13,a13-0,a13-1,a13-2,a13-3,a13-4,a13-5,a13-6,a13-7,14,15,16,17,18,19,20,21,22,23,24,25,26,27,28,29,30,31,32,33,34,35,36,37,38,39,40,41,42,43,44,45,a45-0,a45-1,a45-2,a45-3,a45-4,a45-5,46,47,48,49,50,51,52,53,54,55,56,57,58,59,60,61	ENSP00000233573.6	novel	GRCh37:2:join(182322382..182322578,182322923..182323044,182339687..182339793,182339886..182340015,182343484..182343551,182344864..182344993,182346325..182346410,182347087..182347149,182347241..182347378,182350608..182350719,182358052..182358146,182359449..182359539,182360098..182360143,182360510..182360664,182363350..182363504,182374385..182374532)	2	ENSG00000115232.9	ENST00000233573.6	protein_coding	protein_coding	6140	ITGA4		3676.0	613	1	61
3	ENSP00000257879.6	PF13517	VCBS	2.5e-13	36.7	328	401	DldgDGrlDlvva.........n.dgglrvyrnngdGtftdvtktslgg...sgggtg.vavgDlDgDGdlDllv	DLNSDGWPDLIVGapyfferqeElGGAVYVYLNQG-GHWAGISPLRLCGspdSMFGISlAVLGDLNQDGFPDIAV	1,2,3,4,5,6,7,8,9,10,11,12,13,a13-0,a13-1,a13-2,a13-3,a13-4,a13-5,a13-6,a13-7,a13-8,14,a14-0,15,16,17,18,19,20,21,22,23,24,25,26,27,28,29,30,31,32,33,34,35,36,37,38,39,a39-0,a39-1,a39-2,40,41,42,43,44,45,a45-0,46,47,48,49,50,51,52,53,54,55,56,57,58,59,60,61	ENSP00000257879.6	known	GRCh37:12:complement(join(56101261..56101466,56096835..56096962,56096656..56096735,56094683..56094938,56093654..56093773,56092494..56092701,56092167..56092360,56091722..56091810,56091479..56091606,56091235..56091330,56091000..56091061,56090683..56090852,56090067..56090216,56089306..56089421,56088562..56088754,56088399..56088479,56088227..56088306,56088040..56088114,56087805..56087907,56086925..56087101,56086628..56086759,56082628..56082741,56081986..56082084,56081755..56081880,56078842..56079072))	12	ENSG00000135424.11	ENST00000257879.6	protein_coding	protein_coding	6143	ITGA7	NP_002197	3679.0	1137	1	61
4	ENSP00000257879.6	PF13517	VCBS	6e-09	30.4	390	459	DldgDGrlDlvva....ndgglrvyrnngdGtftdvtkt.slgg....sgggtgva.vgDlDgDGdlDllv	DLNQDGFPDIAVGapfdGDGKVFIYHGSSLGVVAKPSQVlE-GEavgiKSFGYSLSgSLDMDGNQYPDLLV	1,2,3,4,5,6,7,8,9,10,11,12,13,a13-0,a13-1,a13-2,a13-3,14,15,16,17,18,19,20,21,22,23,24,25,26,27,28,29,30,31,32,33,34,35,a35-0,36,37,38,39,a39-0,a39-1,a39-2,a39-3,40,41,42,43,44,45,46,47,a47-0,48,49,50,51,52,53,54,55,56,57,58,59,60,61	ENSP00000257879.6	known	GRCh37:12:complement(join(56101261..56101466,56096835..56096962,56096656..56096735,56094683..56094938,56093654..56093773,56092494..56092701,56092167..56092360,56091722..56091810,56091479..56091606,56091235..56091330,56091000..56091061,56090683..56090852,56090067..56090216,56089306..56089421,56088562..56088754,56088399..56088479,56088227..56088306,56088040..56088114,56087805..56087907,56086925..56087101,56086628..56086759,56082628..56082741,56081986..56082084,56081755..56081880,56078842..56079072))	12	ENSG00000135424.11	ENST00000257879.6	protein_coding	protein_coding	6143	ITGA7	NP_002197	3679.0	1137	1	61
5	ENSP00000257880.7	PF13517	VCBS	2.6e-13	36.7	372	445	DldgDGrlDlvva.........n.dgglrvyrnngdGtftdvtktslgg...sgggtg.vavgDlDgDGdlDllv	DLNSDGWPDLIVGapyfferqeElGGAVYVYLNQG-GHWAGISPLRLCGspdSMFGISlAVLGDLNQDGFPDIAV	1,2,3,4,5,6,7,8,9,10,11,12,13,a13-0,a13-1,a13-2,a13-3,a13-4,a13-5,a13-6,a13-7,a13-8,14,a14-0,15,16,17,18,19,20,21,22,23,24,25,26,27,28,29,30,31,32,33,34,35,36,37,38,39,a39-0,a39-1,a39-2,40,41,42,43,44,45,a45-0,46,47,48,49,50,51,52,53,54,55,56,57,58,59,60,61	ENSP00000257880.7	known	GRCh37:12:complement(join(56101261..56101466,56096835..56096962,56096656..56096735,56094683..56094938,56094046..56094177,56093654..56093773,56092494..56092701,56092167..56092360,56091722..56091810,56091479..56091606,56091235..56091330,56091000..56091061,56090683..56090852,56090067..56090216,56089306..56089421,56088562..56088754,56088399..56088479,56088227..56088306,56088040..56088114,56087805..56087907,56086925..56087101,56086628..56086759,56082628..56082741,56081986..56082084,56081755..56081880,56079986..56080098,56079012..56079072))	12	ENSG00000135424.11	ENST00000257880.7	protein_coding	protein_coding	6143	ITGA7	XP_005268898	3679.0	1162	1	61
6	ENSP00000257880.7	PF13517	VCBS	6.1e-09	30.4	434	503	DldgDGrlDlvva....ndgglrvyrnngdGtftdvtkt.slgg....sgggtgva.vgDlDgDGdlDllv	DLNQDGFPDIAVGapfdGDGKVFIYHGSSLGVVAKPSQVlE-GEavgiKSFGYSLSgSLDMDGNQYPDLLV	1,2,3,4,5,6,7,8,9,10,11,12,13,a13-0,a13-1,a13-2,a13-3,14,15,16,17,18,19,20,21,22,23,24,25,26,27,28,29,30,31,32,33,34,35,a35-0,36,37,38,39,a39-0,a39-1,a39-2,a39-3,40,41,42,43,44,45,46,47,a47-0,48,49,50,51,52,53,54,55,56,57,58,59,60,61	ENSP00000257880.7	known	GRCh37:12:complement(join(56101261..56101466,56096835..56096962,56096656..56096735,56094683..56094938,56094046..56094177,56093654..56093773,56092494..56092701,56092167..56092360,56091722..56091810,56091479..56091606,56091235..56091330,56091000..56091061,56090683..56090852,56090067..56090216,56089306..56089421,56088562..56088754,56088399..56088479,56088227..56088306,56088040..56088114,56087805..56087907,56086925..56087101,56086628..56086759,56082628..56082741,56081986..56082084,56081755..56081880,56079986..56080098,56079012..56079072))	12	ENSG00000135424.11	ENST00000257880.7	protein_coding	protein_coding	6143	ITGA7	XP_005268898	3679.0	1162	1	61
7	ENSP00000261023.3	PF13517	VCBS	3.6e-10	34.7	260	325	DldgDGrlDlvva......ndgglrvyrnngdGtftdvtktslggsgggtgvavgDlDgDGdlDllv	DFNGDGIDDFVSGvpraarTLGMVYIYDGKNMSSLYNFTGEQMAAY-FGFSVAATDINGDDYADVFI	1,2,3,4,5,6,7,8,9,10,11,12,13,a13-0,a13-1,a13-2,a13-3,a13-4,a13-5,14,15,16,17,18,19,20,21,22,23,24,25,26,27,28,29,30,31,32,33,34,35,36,37,38,39,40,41,42,43,44,45,46,47,48,49,50,51,52,53,54,55,56,57,58,59,60,61	ENSP00000261023.3	known	GRCh37:2:join(187455066..187455250,187466748..187466878,187487066..187487157,187490200..187490314,187495524..187495585,187498056..187498101,187500809..187500934,187501792..187501836,187503004..187503047,187503136..187503192,187505642..187505694,187506113..187506315,187511413..187511604,187514567..187514612,187516709..187516816,187519377..187519435,187520974..187521128,187523765..187523902,187528495..187528562,187529221..187529368,187529853..187529945,187531431..187531510,187531877..187531957,187532398..187532503,187533489..187533647,187534428..187534541,187540331..187540444,187540547..187540654,187541540..187541662,187541924..187542019)	2	ENSG00000138448.7	ENST00000261023.3	protein_coding	protein_coding	6150	ITGAV	NP_002201	3685.0	1048	1	61
8	ENSP00000261023.3	PF13517	VCBS	2.5e-09	30.5	379	454	DldgDGrlDlvva.....ndgglrvyrnngdGt.ftdvtktslgg........sgggtgva.vgDlDgDGdlDllv	DLDQDGFNDIAIAapyggEDKKGIVYIFNGRSTgLNAVPSQILEGqwaarsmpPSFGYSMKgATDIDKNGYPDLIV	1,2,3,4,5,6,7,8,9,10,11,12,13,a13-0,a13-1,a13-2,a13-3,a13-4,14,15,16,17,18,19,20,21,22,23,24,25,26,27,28,a28-0,29,30,31,32,33,34,35,36,37,38,39,a39-0,a39-1,a39-2,a39-3,a39-4,a39-5,a39-6,a39-7,40,41,42,43,44,45,46,47,a47-0,48,49,50,51,52,53,54,55,56,57,58,59,60,61	ENSP00000261023.3	known	GRCh37:2:join(187455066..187455250,187466748..187466878,187487066..187487157,187490200..187490314,187495524..187495585,187498056..187498101,187500809..187500934,187501792..187501836,187503004..187503047,187503136..187503192,187505642..187505694,187506113..187506315,187511413..187511604,187514567..187514612,187516709..187516816,187519377..187519435,187520974..187521128,187523765..187523902,187528495..187528562,187529221..187529368,187529853..187529945,187531431..187531510,187531877..187531957,187532398..187532503,187533489..187533647,187534428..187534541,187540331..187540444,187540547..187540654,187541540..187541662,187541924..187542019)	2	ENSG00000138448.7	ENST00000261023.3	protein_coding	protein_coding	6150	ITGAV	NP_002201	3685.0	1048	1	61
9	ENSP00000262407.5	PF13517	VCBS	1.3e-10	36.2	396	468	DldgDGrlDlvva.......ndgglrvyrnngdGtftdvtktslgg.....sgggtgva.vgDlDgDGdlDllv	DLDRDGYNDIAVAapyggpsGRGQVLVFLGQSEG-LRSRPSQVLDSpfptgSAFGFSLRgAVDIDDNGYPDLIV	1,2,3,4,5,6,7,8,9,10,11,12,13,a13-0,a13-1,a13-2,a13-3,a13-4,a13-5,a13-6,14,15,16,17,18,19,20,21,22,23,24,25,26,27,28,29,30,31,32,33,34,35,36,37,38,39,a39-0,a39-1,a39-2,a39-3,a39-4,40,41,42,43,44,45,46,47,a47-0,48,49,50,51,52,53,54,55,56,57,58,59,60,61	ENSP00000262407.5	known	GRCh37:17:complement(join(42466654..42466841,42463378..42463499,42463192..42463289,42462919..42463084,42462654..42462703,42462532..42462577,42462316..42462444,42461906..42461953,42461679..42461722,42461453..42461506,42461262..42461314,42460861..42461072,42458247..42458429,42457968..42458013,42457754..42457858,42457614..42457669,42457370..42457521,42457057..42457182,42456011..42456078,42455730..42455877,42455066..42455158,42454377..42454456,42453676..42453756,42453453..42453552,42453201..42453353,42452959..42453084,42452366..42452479,42452027..42452128,42451722..42451838,42449732..42449791))	17	ENSG00000005961.13	ENST00000262407.5	protein_coding	protein_coding	6138	ITGA2B	NP_000410	3674.0	1039	1	61
10	ENSP00000264106.6	PF13517	VCBS	2.4e-13	45.3	363	436	DldgDGrlDlvva..........ndgglrvyrnngdGtftdvtktslggsgggt.gva...vgDlDgDGdlDllv	DLNKDGWQDIVIGapqyfdrdgeVGGAVYVYMNQ-QGRWNNVKPIRLNGTKDSMfGIAvknIGDINQDGYPDIAV	1,2,3,4,5,6,7,8,9,10,11,12,13,a13-0,a13-1,a13-2,a13-3,a13-4,a13-5,a13-6,a13-7,a13-8,a13-9,14,15,16,17,18,19,20,21,22,23,24,25,26,27,28,29,30,31,32,33,34,35,36,37,38,39,40,41,42,43,44,a44-0,45,46,47,a47-0,a47-1,a47-2,48,49,50,51,52,53,54,55,56,57,58,59,60,61	ENSP00000264106.6	known	GRCh37:2:join(173292517..173292698,173330267..173330391,173332209..173332288,173333853..173334108,173335702..173335833,173337502..173337618,173338783..173338993,173339657..173339850,173340325..173340413,173341123..173341241,173344369..173344467,173344718..173344779,173349510..173349670,173349849..173349992,173351751..173351866,173351992..173352181,173352275..173352358,173352456..173352535,173352689..173352766,173352854..173352956,173354213..173354386,173355752..173355850,173355949..173356059,173356153..173356251,173362703..173362828,173368819..173368980)	2	ENSG00000091409.10	ENST00000264106.6	protein_coding	protein_coding	6142	ITGA6		3655.0	1130	1	61
11	ENSP00000264107.7	PF13517	VCBS	2.4e-13	45.3	324	397	DldgDGrlDlvva..........ndgglrvyrnngdGtftdvtktslggsgggt.gva...vgDlDgDGdlDllv	DLNKDGWQDIVIGapqyfdrdgeVGGAVYVYMNQ-QGRWNNVKPIRLNGTKDSMfGIAvknIGDINQDGYPDIAV	1,2,3,4,5,6,7,8,9,10,11,12,13,a13-0,a13-1,a13-2,a13-3,a13-4,a13-5,a13-6,a13-7,a13-8,a13-9,14,15,16,17,18,19,20,21,22,23,24,25,26,27,28,29,30,31,32,33,34,35,36,37,38,39,40,41,42,43,44,a44-0,45,46,47,a47-0,a47-1,a47-2,48,49,50,51,52,53,54,55,56,57,58,59,60,61	ENSP00000264107.7	known	GRCh37:2:join(173292517..173292698,173330267..173330391,173332209..173332288,173333853..173334108,173335702..173335833,173338783..173338993,173339657..173339850,173340325..173340413,173341123..173341241,173344369..173344467,173344718..173344779,173349510..173349670,173349849..173349992,173351751..173351866,173351992..173352181,173352275..173352358,173352456..173352535,173352689..173352766,173352854..173352956,173354213..173354386,173355752..173355850,173355949..173356059,173356153..173356251,173362703..173362828,173366500..173366607)	2	ENSG00000091409.10	ENST00000264107.7	protein_coding	protein_coding	6142	ITGA6	NP_000201	3655.0	1073	1	61
12	ENSP00000264741.5	PF13517	VCBS	1.1e-13	46.3	312	384	DldgDGrlDlvva........ndgglrvyrnngdGtftdvtktslgg.sgggtg...vavgDlDgDGdlDllv	DLNGDGLSDLLVGapmfseirDEGQVTVYINRGNGALEEQLALTGDGaYNAHFGesiASLDDLDNDGFPDVAI	1,2,3,4,5,6,7,8,9,10,11,12,13,a13-0,a13-1,a13-2,a13-3,a13-4,a13-5,a13-6,a13-7,14,15,16,17,18,19,20,21,22,23,24,25,26,27,28,29,30,31,32,33,34,35,36,37,38,39,a39-0,40,41,42,43,44,45,a45-0,a45-1,a45-2,46,47,48,49,50,51,52,53,54,55,56,57,58,59,60,61	ENSP00000264741.5	known	GRCh37:3:join(37493866..37494050,37512498..37512625,37514845..37514951,37522975..37523098,37535992..37536059,37544669..37544798,37547491..37547576,37550050..37550118,37555254..37555391,37558995..37559100,37560751..37560845,37565012..37565102,37567517..37567562,37574805..37574959,37583916..37584076,37670678..37670827,37695205..37695281,37725356..37725506,37774203..37774289,37778395..37778474,37783221..37783310,37785417..37785525,37791953..37792060,37818883..37819008,37821393..37821512,37826468..37826569,37845314..37845433,37860382..37860480)	3	ENSG00000144668.7	ENST00000264741.5	protein_coding	protein_coding	6145	ITGA9	NP_002198	3680.0	1035	1	61
13	ENSP00000298819.4	PF13517	VCBS	2.7e-11	38.5	62	132	DldgDGrlDlvvan.dgglrvyrnng.dGtftdvtktslgg........sgggtgvavgDlDgDGdlDllv	DVDHDGDFEIVVAGyNGPNLVLKYDRaQKRLVNIAVDERSSpyyalrdrQGNAIGVTACDIDGDGREEIYF	1,2,3,4,5,6,7,8,9,10,11,12,13,14,a14-0,15,16,17,18,19,20,21,22,23,24,25,a25-0,26,27,28,29,30,31,32,33,34,35,36,37,38,39,a39-0,a39-1,a39-2,a39-3,a39-4,a39-5,a39-6,a39-7,40,41,42,43,44,45,46,47,48,49,50,51,52,53,54,55,56,57,58,59,60,61	ENSP00000298819.4	known	GRCh37:10:complement(join(99790206..99790229,99770895..99771094,99695927..99696123,99683021..99683157,99677257..99677413,99667770..99667904,99664426..99664571,99661260..99661396,99656666..99656748,99655642..99655742,99655002..99655170,99643963..99644108,99640006..99640149,99625361..99625471))	10	ENSG00000095713.9	ENST00000298819.4	protein_coding	protein_coding	14882	CRTAC1		55118.0	628	1	61
14	ENSP00000298819.4	PF13517	VCBS	8.4e-10	33.5	247	310	DldgDGrlDlvvan.dgglrvyrnngdGtftdvtktslgg..sgggtgvavgDlDgDGdlDllv	PILSSSASDIFCDNeNGPNFLFHNRGDGTFVDAAASAGVDdpHQHGRGVALADFNRDGKVDIVY	1,2,3,4,5,6,7,8,9,10,11,12,13,14,a14-0,15,16,17,18,19,20,21,22,23,24,25,26,27,28,29,30,31,32,33,34,35,36,37,38,39,a39-0,a39-1,40,41,42,43,44,45,46,47,48,49,50,51,52,53,54,55,56,57,58,59,60,61	ENSP00000298819.4	known	GRCh37:10:complement(join(99790206..99790229,99770895..99771094,99695927..99696123,99683021..99683157,99677257..99677413,99667770..99667904,99664426..99664571,99661260..99661396,99656666..99656748,99655642..99655742,99655002..99655170,99643963..99644108,99640006..99640149,99625361..99625471))	10	ENSG00000095713.9	ENST00000298819.4	protein_coding	protein_coding	14882	CRTAC1		55118.0	628	1	61
15	ENSP00000298819.4	PF13517	VCBS	8.8e-09	30.1	352	422	DldgDGrlDlvva.....ndgglrvyrnngdGtftdvtkt.....slggsgggtgvavgDlDgDGdlDllv	DFDNDQELEIFFNniayrSSSANRLFRVIRREHGDPLIEElnpgdALEPEGRGTGGVVTDFDGDGMLDLIL	1,2,3,4,5,6,7,8,9,10,11,12,13,a13-0,a13-1,a13-2,a13-3,a13-4,14,15,16,17,18,19,20,21,22,23,24,25,26,27,28,29,30,31,32,33,34,35,a35-0,a35-1,a35-2,a35-3,a35-4,36,37,38,39,40,41,42,43,44,45,46,47,48,49,50,51,52,53,54,55,56,57,58,59,60,61	ENSP00000298819.4	known	GRCh37:10:complement(join(99790206..99790229,99770895..99771094,99695927..99696123,99683021..99683157,99677257..99677413,99667770..99667904,99664426..99664571,99661260..99661396,99656666..99656748,99655642..99655742,99655002..99655170,99643963..99644108,99640006..99640149,99625361..99625471))	10	ENSG00000095713.9	ENST00000298819.4	protein_coding	protein_coding	14882	CRTAC1		55118.0	628	1	61
16	ENSP00000310810.3	PF13517	VCBS	2.7e-11	38.5	54	124	DldgDGrlDlvvan.dgglrvyrnng.dGtftdvtktslgg........sgggtgvavgDlDgDGdlDllv	DVDHDGDFEIVVAGyNGPNLVLKYDRaQKRLVNIAVDERSSpyyalrdrQGNAIGVTACDIDGDGREEIYF	1,2,3,4,5,6,7,8,9,10,11,12,13,14,a14-0,15,16,17,18,19,20,21,22,23,24,25,a25-0,26,27,28,29,30,31,32,33,34,35,36,37,38,39,a39-0,a39-1,a39-2,a39-3,a39-4,a39-5,a39-6,a39-7,40,41,42,43,44,45,46,47,48,49,50,51,52,53,54,55,56,57,58,59,60,61	ENSP00000310810.3	known	GRCh37:10:complement(join(99770895..99771094,99695927..99696123,99683021..99683157,99677257..99677413,99667770..99667904,99664426..99664571,99661260..99661396,99656666..99656748,99655642..99655742,99655002..99655170,99643963..99644108,99642543..99642585,99640006..99640149,99639440..99639558))	10	ENSG00000095713.9	ENST00000309155.3	protein_coding	protein_coding	14882	CRTAC1		55118.0	637	1	61
17	ENSP00000310810.3	PF13517	VCBS	8.4e-10	33.5	239	302	DldgDGrlDlvvan.dgglrvyrnngdGtftdvtktslgg..sgggtgvavgDlDgDGdlDllv	PILSSSASDIFCDNeNGPNFLFHNRGDGTFVDAAASAGVDdpHQHGRGVALADFNRDGKVDIVY	1,2,3,4,5,6,7,8,9,10,11,12,13,14,a14-0,15,16,17,18,19,20,21,22,23,24,25,26,27,28,29,30,31,32,33,34,35,36,37,38,39,a39-0,a39-1,40,41,42,43,44,45,46,47,48,49,50,51,52,53,54,55,56,57,58,59,60,61	ENSP00000310810.3	known	GRCh37:10:complement(join(99770895..99771094,99695927..99696123,99683021..99683157,99677257..99677413,99667770..99667904,99664426..99664571,99661260..99661396,99656666..99656748,99655642..99655742,99655002..99655170,99643963..99644108,99642543..99642585,99640006..99640149,99639440..99639558))	10	ENSG00000095713.9	ENST00000309155.3	protein_coding	protein_coding	14882	CRTAC1		55118.0	637	1	61
18	ENSP00000310810.3	PF13517	VCBS	8.8e-09	30.1	344	414	DldgDGrlDlvva.....ndgglrvyrnngdGtftdvtkt.....slggsgggtgvavgDlDgDGdlDllv	DFDNDQELEIFFNniayrSSSANRLFRVIRREHGDPLIEElnpgdALEPEGRGTGGVVTDFDGDGMLDLIL	1,2,3,4,5,6,7,8,9,10,11,12,13,a13-0,a13-1,a13-2,a13-3,a13-4,14,15,16,17,18,19,20,21,22,23,24,25,26,27,28,29,30,31,32,33,34,35,a35-0,a35-1,a35-2,a35-3,a35-4,36,37,38,39,40,41,42,43,44,45,46,47,48,49,50,51,52,53,54,55,56,57,58,59,60,61	ENSP00000310810.3	known	GRCh37:10:complement(join(99770895..99771094,99695927..99696123,99683021..99683157,99677257..99677413,99667770..99667904,99664426..99664571,99661260..99661396,99656666..99656748,99655642..99655742,99655002..99655170,99643963..99644108,99642543..99642585,99640006..99640149,99639440..99639558))	10	ENSG00000095713.9	ENST00000309155.3	protein_coding	protein_coding	14882	CRTAC1		55118.0	637	1	61
19	ENSP00000315190.8	PF13517	VCBS	3e-12	40.6	315	389	DldgDGrlDlvva.........n.dgglrvyrnngdGtftdvtktslgg...sgggtg.vavgDlDgDGdlDllv	DLNNDGWQDLLVGapyyferkeEvGGAIYVFMNQAGTSFPAHPSLLLHGpsgSAFGLSvASIGDINQDGFQDIAV	1,2,3,4,5,6,7,8,9,10,11,12,13,a13-0,a13-1,a13-2,a13-3,a13-4,a13-5,a13-6,a13-7,a13-8,14,a14-0,15,16,17,18,19,20,21,22,23,24,25,26,27,28,29,30,31,32,33,34,35,36,37,38,39,a39-0,a39-1,a39-2,40,41,42,43,44,45,a45-0,46,47,48,49,50,51,52,53,54,55,56,57,58,59,60,61	ENSP00000315190.8	known	GRCh37:17:join(48133804..48134009,48141441..48141568,48141892..48141971,48145420..48145669,48148208..48148294,48148675..48148882,48149350..48149546,48151280..48151368,48151508..48151644,48151812..48151898,48152823..48152890,48152963..48153099,48153690..48153839,48153948..48154045,48154338..48154485,48154743..48154811,48155410..48155489,48155571..48155648,48156188..48156290,48156440..48156622,48156799..48156921,48157626..48157739,48158674..48158772,48165108..48165233,48165589..48165699)	17	ENSG00000005884.13	ENST00000320031.8	protein_coding	protein_coding	6139	ITGA3	NP_002195	3675.0	1051	1	61
20	ENSP00000319918.6	PF13517	VCBS	9.6e-11	36.6	55	118	DldgDGrlDlvvan.dgglrvyrnngdGt.ftdvtktslgg.sgggtgvavgDlDgDGdlDllv	DLNSDKQTDLFVLReRNDLIVFLADQNAPyFKPKVKVSFKNhSALITSVVPGDYDGDSQMDVLL	1,2,3,4,5,6,7,8,9,10,11,12,13,14,a14-0,15,16,17,18,19,20,21,22,23,24,25,26,27,28,a28-0,29,30,31,32,33,34,35,36,37,38,39,a39-0,40,41,42,43,44,45,46,47,48,49,50,51,52,53,54,55,56,57,58,59,60,61	ENSP00000319918.6	known	GRCh37:16:complement(join(47494749..47494956,47493014..47493086,47487924..47488069,47486644..47486701,47485307..47485381,47462715..47462809,47409787..47409851,47399699..47399780,47347640..47347734,47345151..47345323,47294456..47294606,47292543..47292651,47271876..47271919,47252779..47252857,47196451..47196575,47195661..47195743,47192784..47192901,47189630..47189689))	16	ENSG00000129636.8	ENST00000320640.6	protein_coding	protein_coding	30697	ITFG1	NP_110417	81533.0	612	1	61
21	ENSP00000327290.7	PF13517	VCBS	1.9e-08	28.8	488	562	DldgDGrlDlvva..........ndgglrvyrnngdGtftdvtktslggsgggt.g...vavgDlDgDGdlDllv	DIDGDGVTDVLLVgapmyfnegrERGKVYVYELRQNLFVYNGTLKDSHSYQNARfGssiASVRDLNQDSYNDVVV	1,2,3,4,5,6,7,8,9,10,11,12,13,a13-0,a13-1,a13-2,a13-3,a13-4,a13-5,a13-6,a13-7,a13-8,a13-9,14,15,16,17,18,19,20,21,22,23,24,25,26,27,28,29,30,31,32,33,34,35,36,37,38,39,40,41,42,43,44,a44-0,45,a45-0,a45-1,a45-2,46,47,48,49,50,51,52,53,54,55,56,57,58,59,60,61	ENSP00000327290.7	known	GRCh37:15:complement(join(68724354..68724405,68695257..68695368,68661522..68661622,68657045..68657136,68653928..68654042,68650796..68650923,68649489..68649637,68643596..68643740,68642955..68643120,68641168..68641238,68631838..68631982,68628035..68628183,68624676..68624816,68624197..68624400,68623319..68623449,68620434..68620600,68618992..68619134,68617469..68617579,68613756..68613841,68612523..68612730,68609603..68609701,68607989..68608065,68606117..68606206,68605111..68605201,68603628..68603741,68603332..68603418,68599924..68600034,68599686..68599781,68596110..68596223,68595397..68595468))	15	ENSG00000137809.12	ENST00000315757.7	protein_coding	protein_coding	6136	ITGA11	NP_001004439	22801.0	1188	1	61
22	ENSP00000340536.4	PF13517	VCBS	1.3e-10	36.2	396	468	DldgDGrlDlvva.......ndgglrvyrnngdGtftdvtktslgg.....sgggtgva.vgDlDgDGdlDllv	DLDRDGYNDIAVAapyggpsGRGQVLVFLGQSEG-LRSRPSQVLDSpfptgSAFGFSLRgAVDIDDNGYPDLIV	1,2,3,4,5,6,7,8,9,10,11,12,13,a13-0,a13-1,a13-2,a13-3,a13-4,a13-5,a13-6,14,15,16,17,18,19,20,21,22,23,24,25,26,27,28,29,30,31,32,33,34,35,36,37,38,39,a39-0,a39-1,a39-2,a39-3,a39-4,40,41,42,43,44,45,46,47,a47-0,48,49,50,51,52,53,54,55,56,57,58,59,60,61	ENSP00000340536.4	known	GRCh37:17:complement(join(42466654..42466841,42463378..42463499,42463192..42463289,42462919..42463084,42462654..42462703,42462532..42462577,42462316..42462444,42461906..42461953,42461679..42461722,42461453..42461506,42461262..42461314,42460861..42461072,42458247..42458429,42457968..42458013,42457754..42457858,42457614..42457669,42457370..42457521,42457057..42457182,42456011..42456078,42455730..42455877,42455066..42455158,42454377..42454456,42453676..42453756,42453453..42453552,42453201..42453353,42452959..42453084,42452366..42452479,42451722..42451838,42449732..42449791))	17	ENSG00000005961.13	ENST00000353281.4	protein_coding	protein_coding	6138	ITGA2B		3674.0	1005	1	61
23	ENSP00000341078.4	PF13517	VCBS	2.4e-13	45.3	319	392	DldgDGrlDlvva..........ndgglrvyrnngdGtftdvtktslggsgggt.gva...vgDlDgDGdlDllv	DLNKDGWQDIVIGapqyfdrdgeVGGAVYVYMNQ-QGRWNNVKPIRLNGTKDSMfGIAvknIGDINQDGYPDIAV	1,2,3,4,5,6,7,8,9,10,11,12,13,a13-0,a13-1,a13-2,a13-3,a13-4,a13-5,a13-6,a13-7,a13-8,a13-9,14,15,16,17,18,19,20,21,22,23,24,25,26,27,28,29,30,31,32,33,34,35,36,37,38,39,40,41,42,43,44,a44-0,45,46,47,a47-0,a47-1,a47-2,48,49,50,51,52,53,54,55,56,57,58,59,60,61	ENSP00000341078.4	known	GRCh37:2:join(173292517..173292698,173330267..173330391,173332209..173332288,173333853..173334108,173337502..173337618,173338783..173338993,173339657..173339850,173340325..173340413,173341123..173341241,173344369..173344467,173344718..173344779,173349510..173349670,173349849..173349992,173351751..173351866,173351992..173352181,173352275..173352358,173352456..173352535,173352689..173352766,173352854..173352956,173354213..173354386,173355752..173355850,173355949..173356059,173356153..173356251,173362703..173362828,173366500..173366607)	2	ENSG00000091409.10	ENST00000343713.4	protein_coding	protein_coding	6142	ITGA6	XP_005246590	3655.0	1068	1	61
24	ENSP00000343009.6	PF13517	VCBS	2.5e-13	36.8	328	401	DldgDGrlDlvva.........n.dgglrvyrnngdGtftdvtktslgg...sgggtg.vavgDlDgDGdlDllv	DLNSDGWPDLIVGapyfferqeElGGAVYVYLNQG-GHWAGISPLRLCGspdSMFGISlAVLGDLNQDGFPDIAV	1,2,3,4,5,6,7,8,9,10,11,12,13,a13-0,a13-1,a13-2,a13-3,a13-4,a13-5,a13-6,a13-7,a13-8,14,a14-0,15,16,17,18,19,20,21,22,23,24,25,26,27,28,29,30,31,32,33,34,35,36,37,38,39,a39-0,a39-1,a39-2,40,41,42,43,44,45,a45-0,46,47,48,49,50,51,52,53,54,55,56,57,58,59,60,61	ENSP00000343009.6	novel	GRCh37:12:complement(join(56101261..56101466,56096835..56096962,56096656..56096735,56094683..56094938,56093654..56093773,56092494..56092701,56092167..56092360,56091722..56091810,56091479..56091606,56091235..56091330,56091000..56091061,56090683..56090834,56090067..56090216,56089306..56089421,56088562..56088754,56088399..56088479,56088227..56088306,56088040..56088114,56087805..56087907,56086925..56087101,56086628..56086759,56082628..56082741,56081986..56082084,56081755..56081880,56078842..56079072))	12	ENSG00000135424.11	ENST00000347027.6	protein_coding	protein_coding	6143	ITGA7		3679.0	1131	1	61
25	ENSP00000343009.6	PF13517	VCBS	5.9e-09	30.4	390	459	DldgDGrlDlvva....ndgglrvyrnngdGtftdvtkt.slgg....sgggtgva.vgDlDgDGdlDllv	DLNQDGFPDIAVGapfdGDGKVFIYHGSSLGVVAKPSQVlE-GEavgiKSFGYSLSgSLDMDGNQYPDLLV	1,2,3,4,5,6,7,8,9,10,11,12,13,a13-0,a13-1,a13-2,a13-3,14,15,16,17,18,19,20,21,22,23,24,25,26,27,28,29,30,31,32,33,34,35,a35-0,36,37,38,39,a39-0,a39-1,a39-2,a39-3,40,41,42,43,44,45,46,47,a47-0,48,49,50,51,52,53,54,55,56,57,58,59,60,61	ENSP00000343009.6	novel	GRCh37:12:complement(join(56101261..56101466,56096835..56096962,56096656..56096735,56094683..56094938,56093654..56093773,56092494..56092701,56092167..56092360,56091722..56091810,56091479..56091606,56091235..56091330,56091000..56091061,56090683..56090834,56090067..56090216,56089306..56089421,56088562..56088754,56088399..56088479,56088227..56088306,56088040..56088114,56087805..56087907,56086925..56087101,56086628..56086759,56082628..56082741,56081986..56082084,56081755..56081880,56078842..56079072))	12	ENSG00000135424.11	ENST00000347027.6	protein_coding	protein_coding	6143	ITGA7		3679.0	1131	1	61
26	ENSP00000349252.5	PF13517	VCBS	5.7e-09	30.7	530	601	DldgDGrlDlvva....ndgglrvyrnngdGtftdvtktslgg.......sgggtgva.vgDlDgDGdlDllv	DINGDGLVDVAVGapleEQGAVYIFNGR-HGGLSPQPSQRIEGtqvlsgiQWFGRSIHgVKDLEGDGLADVAV	1,2,3,4,5,6,7,8,9,10,11,12,13,a13-0,a13-1,a13-2,a13-3,14,15,16,17,18,19,20,21,22,23,24,25,26,27,28,29,30,31,32,33,34,35,36,37,38,39,a39-0,a39-1,a39-2,a39-3,a39-4,a39-5,a39-6,40,41,42,43,44,45,46,47,a47-0,48,49,50,51,52,53,54,55,56,57,58,59,60,61	ENSP00000349252.5	known	GRCh37:16:join(30484159..30484219,30485517..30485619,30486627..30486721,30486834..30486901,30490412..30490529,30490652..30490782,30492760..30492905,30495148..30495280,30495434..30495584,30500403..30500476,30500575..30500707,30505533..30505684,30506034..30506171,30507418..30507615,30507757..30507887,30510395..30510555,30510659..30510810,30515496..30515585,30516565..30516621,30516710..30516783,30518036..30518177,30521682..30521792,30522202..30522281,30522371..30522457,30525092..30525167,30528294..30528407,30528970..30529026,30529118..30529216,30529945..30530040,30531178..30531288,30532813..30532986)	16	ENSG00000005844.13	ENST00000356798.6	protein_coding	protein_coding	6148	ITGAL	NP_002200	3683.0	1170	1	61
27	ENSP00000350886.5	PF13517	VCBS	5.6e-10	30.7	447	518	DldgDGrlDlvva....ndgglrvyrnngdGtftdvtktslgg.......sgggtgva.vgDlDgDGdlDllv	DINGDGLVDVAVGapleEQGAVYIFNGRH-GGLSPQPSQRIEGtqvlsgiQWFGRSIHgVKDLEGDGLADVAV	1,2,3,4,5,6,7,8,9,10,11,12,13,a13-0,a13-1,a13-2,a13-3,14,15,16,17,18,19,20,21,22,23,24,25,26,27,28,29,30,31,32,33,34,35,36,37,38,39,a39-0,a39-1,a39-2,a39-3,a39-4,a39-5,a39-6,40,41,42,43,44,45,46,47,a47-0,48,49,50,51,52,53,54,55,56,57,58,59,60,61	ENSP00000350886.5	known	GRCh37:16:join(30484159..30484219,30485517..30485619,30486627..30486721,30486834..30486901,30492760..30492905,30495148..30495280,30495434..30495584,30500403..30500476,30500575..30500707,30505533..30505684,30506034..30506171,30507418..30507615,30507757..30507887,30510395..30510555,30510659..30510810,30515496..30515585,30516568..30516621,30516710..30516783,30518036..30518177,30521682..30521792,30522202..30522281,30522371..30522457,30525092..30525167,30528294..30528407,30528970..30529026,30529118..30529216,30529945..30530040,30531178..30531288,30532813..30532986)	16	ENSG00000005844.13	ENST00000358164.5	protein_coding	protein_coding	6148	ITGAL	NP_001107852	3683.0	1086	1	61
28	ENSP00000358310.3	PF13517	VCBS	1.2e-08	29.7	558	631	DldgDGrlDlvva.....n.dgglrvyrnngdGt....ftdvtktslgg..sgggtgva.vgDlDgDGdlDllv	DLNQDGFADVAVGapledGhQGALYLYHGTQSGVrphpAQRIAAASMPHalSYFGRSVDgRLDLDGDDLVDVAV	1,2,3,4,5,6,7,8,9,10,11,12,13,a13-0,a13-1,a13-2,a13-3,a13-4,14,a14-0,15,16,17,18,19,20,21,22,23,24,25,26,27,28,a28-0,a28-1,a28-2,a28-3,29,30,31,32,33,34,35,36,37,38,39,a39-0,a39-1,40,41,42,43,44,45,46,47,a47-0,48,49,50,51,52,53,54,55,56,57,58,59,60,61	ENSP00000358310.3	known	GRCh37:1:join(145525066..145525117,145527613..145527724,145527928..145528037,145528254..145528345,145528570..145528684,145530267..145530394,145530878..145531026,145532115..145532265,145532457..145532622,145532757..145532830,145533055..145533199,145533412..145533560,145533798..145533941,145534083..145534286,145534889..145535019,145535735..145535901,145535998..145536140,145536853..145536966,145537176..145537261,145537423..145537564,145537737..145537829,145537989..145538065,145538218..145538307,145538724..145538808,145538980..145539093,145539365..145539445,145539683..145539796,145541441..145541536,145541802..145541915,145542213..145542278)	1	ENSG00000143127.8	ENST00000369304.3	protein_coding	protein_coding	6135	ITGA10	NP_003628	8515.0	1167	1	61
29	ENSP00000359623.2	PF13517	VCBS	2.7e-11	38.5	62	132	DldgDGrlDlvvan.dgglrvyrnng.dGtftdvtktslgg........sgggtgvavgDlDgDGdlDllv	DVDHDGDFEIVVAGyNGPNLVLKYDRaQKRLVNIAVDERSSpyyalrdrQGNAIGVTACDIDGDGREEIYF	1,2,3,4,5,6,7,8,9,10,11,12,13,14,a14-0,15,16,17,18,19,20,21,22,23,24,25,a25-0,26,27,28,29,30,31,32,33,34,35,36,37,38,39,a39-0,a39-1,a39-2,a39-3,a39-4,a39-5,a39-6,a39-7,40,41,42,43,44,45,46,47,48,49,50,51,52,53,54,55,56,57,58,59,60,61	ENSP00000359623.2	known	GRCh37:10:complement(join(99790206..99790229,99770895..99771094,99695927..99696123,99683021..99683157,99677257..99677413,99667770..99667904,99664426..99664571,99661260..99661396,99656666..99656748,99655642..99655742,99655002..99655170,99643963..99644108,99642543..99642585,99640006..99640149,99639440..99639558))	10	ENSG00000095713.9	ENST00000370591.2	protein_coding	protein_coding	14882	CRTAC1	NP_001193457	55118.0	645	1	61
30	ENSP00000359623.2	PF13517	VCBS	8.4e-10	33.5	247	310	DldgDGrlDlvvan.dgglrvyrnngdGtftdvtktslgg..sgggtgvavgDlDgDGdlDllv	PILSSSASDIFCDNeNGPNFLFHNRGDGTFVDAAASAGVDdpHQHGRGVALADFNRDGKVDIVY	1,2,3,4,5,6,7,8,9,10,11,12,13,14,a14-0,15,16,17,18,19,20,21,22,23,24,25,26,27,28,29,30,31,32,33,34,35,36,37,38,39,a39-0,a39-1,40,41,42,43,44,45,46,47,48,49,50,51,52,53,54,55,56,57,58,59,60,61	ENSP00000359623.2	known	GRCh37:10:complement(join(99790206..99790229,99770895..99771094,99695927..99696123,99683021..99683157,99677257..99677413,99667770..99667904,99664426..99664571,99661260..99661396,99656666..99656748,99655642..99655742,99655002..99655170,99643963..99644108,99642543..99642585,99640006..99640149,99639440..99639558))	10	ENSG00000095713.9	ENST00000370591.2	protein_coding	protein_coding	14882	CRTAC1	NP_001193457	55118.0	645	1	61
31	ENSP00000359623.2	PF13517	VCBS	8.8e-09	30.1	352	422	DldgDGrlDlvva.....ndgglrvyrnngdGtftdvtkt.....slggsgggtgvavgDlDgDGdlDllv	DFDNDQELEIFFNniayrSSSANRLFRVIRREHGDPLIEElnpgdALEPEGRGTGGVVTDFDGDGMLDLIL	1,2,3,4,5,6,7,8,9,10,11,12,13,a13-0,a13-1,a13-2,a13-3,a13-4,14,15,16,17,18,19,20,21,22,23,24,25,26,27,28,29,30,31,32,33,34,35,a35-0,a35-1,a35-2,a35-3,a35-4,36,37,38,39,40,41,42,43,44,45,46,47,48,49,50,51,52,53,54,55,56,57,58,59,60,61	ENSP00000359623.2	known	GRCh37:10:complement(join(99790206..99790229,99770895..99771094,99695927..99696123,99683021..99683157,99677257..99677413,99667770..99667904,99664426..99664571,99661260..99661396,99656666..99656748,99655642..99655742,99655002..99655170,99643963..99644108,99642543..99642585,99640006..99640149,99639440..99639558))	10	ENSG00000095713.9	ENST00000370591.2	protein_coding	protein_coding	14882	CRTAC1	NP_001193457	55118.0	645	1	61
32	ENSP00000359629.3	PF13517	VCBS	2.7e-11	38.5	62	132	DldgDGrlDlvvan.dgglrvyrnng.dGtftdvtktslgg........sgggtgvavgDlDgDGdlDllv	DVDHDGDFEIVVAGyNGPNLVLKYDRaQKRLVNIAVDERSSpyyalrdrQGNAIGVTACDIDGDGREEIYF	1,2,3,4,5,6,7,8,9,10,11,12,13,14,a14-0,15,16,17,18,19,20,21,22,23,24,25,a25-0,26,27,28,29,30,31,32,33,34,35,36,37,38,39,a39-0,a39-1,a39-2,a39-3,a39-4,a39-5,a39-6,a39-7,40,41,42,43,44,45,46,47,48,49,50,51,52,53,54,55,56,57,58,59,60,61	ENSP00000359629.3	known	GRCh37:10:complement(join(99790206..99790229,99770895..99771094,99695927..99696123,99683021..99683157,99677257..99677413,99667770..99667904,99664426..99664571,99661260..99661396,99656666..99656748,99655642..99655742,99655002..99655170,99643963..99644108,99642543..99642585,99640006..99640149,99625305..99625471))	10	ENSG00000095713.9	ENST00000370597.3	protein_coding	protein_coding	14882	CRTAC1	NP_060528	55118.0	661	1	61
33	ENSP00000359629.3	PF13517	VCBS	8.4e-10	33.5	247	310	DldgDGrlDlvvan.dgglrvyrnngdGtftdvtktslgg..sgggtgvavgDlDgDGdlDllv	PILSSSASDIFCDNeNGPNFLFHNRGDGTFVDAAASAGVDdpHQHGRGVALADFNRDGKVDIVY	1,2,3,4,5,6,7,8,9,10,11,12,13,14,a14-0,15,16,17,18,19,20,21,22,23,24,25,26,27,28,29,30,31,32,33,34,35,36,37,38,39,a39-0,a39-1,40,41,42,43,44,45,46,47,48,49,50,51,52,53,54,55,56,57,58,59,60,61	ENSP00000359629.3	known	GRCh37:10:complement(join(99790206..99790229,99770895..99771094,99695927..99696123,99683021..99683157,99677257..99677413,99667770..99667904,99664426..99664571,99661260..99661396,99656666..99656748,99655642..99655742,99655002..99655170,99643963..99644108,99642543..99642585,99640006..99640149,99625305..99625471))	10	ENSG00000095713.9	ENST00000370597.3	protein_coding	protein_coding	14882	CRTAC1	NP_060528	55118.0	661	1	61
34	ENSP00000359629.3	PF13517	VCBS	8.8e-09	30.1	352	422	DldgDGrlDlvva.....ndgglrvyrnngdGtftdvtkt.....slggsgggtgvavgDlDgDGdlDllv	DFDNDQELEIFFNniayrSSSANRLFRVIRREHGDPLIEElnpgdALEPEGRGTGGVVTDFDGDGMLDLIL	1,2,3,4,5,6,7,8,9,10,11,12,13,a13-0,a13-1,a13-2,a13-3,a13-4,14,15,16,17,18,19,20,21,22,23,24,25,26,27,28,29,30,31,32,33,34,35,a35-0,a35-1,a35-2,a35-3,a35-4,36,37,38,39,40,41,42,43,44,45,46,47,48,49,50,51,52,53,54,55,56,57,58,59,60,61	ENSP00000359629.3	known	GRCh37:10:complement(join(99790206..99790229,99770895..99771094,99695927..99696123,99683021..99683157,99677257..99677413,99667770..99667904,99664426..99664571,99661260..99661396,99656666..99656748,99655642..99655742,99655002..99655170,99643963..99644108,99642543..99642585,99640006..99640149,99625305..99625471))	10	ENSG00000095713.9	ENST00000370597.3	protein_coding	protein_coding	14882	CRTAC1	NP_060528	55118.0	661	1	61
35	ENSP00000364042.3	PF13517	VCBS	3.6e-10	34.7	224	289	DldgDGrlDlvva......ndgglrvyrnngdGtftdvtktslggsgggtgvavgDlDgDGdlDllv	DFNGDGIDDFVSGvpraarTLGMVYIYDGKNMSSLYNFTGEQMAAY-FGFSVAATDINGDDYADVFI	1,2,3,4,5,6,7,8,9,10,11,12,13,a13-0,a13-1,a13-2,a13-3,a13-4,a13-5,14,15,16,17,18,19,20,21,22,23,24,25,26,27,28,29,30,31,32,33,34,35,36,37,38,39,40,41,42,43,44,45,46,47,48,49,50,51,52,53,54,55,56,57,58,59,60,61	ENSP00000364042.3	known	GRCh37:2:join(187455066..187455250,187466748..187466878,187487066..187487157,187490200..187490314,187500809..187500934,187501792..187501836,187503004..187503047,187503136..187503192,187505642..187505694,187506113..187506315,187511413..187511604,187514567..187514612,187516709..187516816,187519377..187519435,187520974..187521128,187523765..187523902,187528495..187528562,187529221..187529368,187529853..187529945,187531431..187531510,187531877..187531957,187532398..187532503,187533489..187533647,187534428..187534541,187540331..187540444,187540547..187540654,187541540..187541662,187541924..187542019)	2	ENSG00000138448.7	ENST00000374907.3	protein_coding	protein_coding	6150	ITGAV	NP_001138472	3685.0	1012	1	61
36	ENSP00000364042.3	PF13517	VCBS	2.5e-09	30.5	343	418	DldgDGrlDlvva.....ndgglrvyrnngdGt.ftdvtktslgg........sgggtgva.vgDlDgDGdlDllv	DLDQDGFNDIAIAapyggEDKKGIVYIFNGRSTgLNAVPSQILEGqwaarsmpPSFGYSMKgATDIDKNGYPDLIV	1,2,3,4,5,6,7,8,9,10,11,12,13,a13-0,a13-1,a13-2,a13-3,a13-4,14,15,16,17,18,19,20,21,22,23,24,25,26,27,28,a28-0,29,30,31,32,33,34,35,36,37,38,39,a39-0,a39-1,a39-2,a39-3,a39-4,a39-5,a39-6,a39-7,40,41,42,43,44,45,46,47,a47-0,48,49,50,51,52,53,54,55,56,57,58,59,60,61	ENSP00000364042.3	known	GRCh37:2:join(187455066..187455250,187466748..187466878,187487066..187487157,187490200..187490314,187500809..187500934,187501792..187501836,187503004..187503047,187503136..187503192,187505642..187505694,187506113..187506315,187511413..187511604,187514567..187514612,187516709..187516816,187519377..187519435,187520974..187521128,187523765..187523902,187528495..187528562,187529221..187529368,187529853..187529945,187531431..187531510,187531877..187531957,187532398..187532503,187533489..187533647,187534428..187534541,187540331..187540444,187540547..187540654,187541540..187541662,187541924..187542019)	2	ENSG00000138448.7	ENST00000374907.3	protein_coding	protein_coding	6150	ITGAV	NP_001138472	3685.0	1012	1	61
37	ENSP00000364369.2	PF13517	VCBS	2.4e-13	45.3	363	436	DldgDGrlDlvva..........ndgglrvyrnngdGtftdvtktslggsgggt.gva...vgDlDgDGdlDllv	DLNKDGWQDIVIGapqyfdrdgeVGGAVYVYMNQ-QGRWNNVKPIRLNGTKDSMfGIAvknIGDINQDGYPDIAV	1,2,3,4,5,6,7,8,9,10,11,12,13,a13-0,a13-1,a13-2,a13-3,a13-4,a13-5,a13-6,a13-7,a13-8,a13-9,14,15,16,17,18,19,20,21,22,23,24,25,26,27,28,29,30,31,32,33,34,35,36,37,38,39,40,41,42,43,44,a44-0,45,46,47,a47-0,a47-1,a47-2,48,49,50,51,52,53,54,55,56,57,58,59,60,61	ENSP00000364369.2	known	GRCh37:2:join(173292517..173292698,173330267..173330391,173332209..173332288,173333853..173334108,173335702..173335833,173337502..173337618,173338783..173338993,173339657..173339850,173340325..173340413,173341123..173341241,173344369..173344467,173344718..173344779,173349510..173349670,173349849..173349992,173351751..173351866,173351992..173352181,173352275..173352358,173352456..173352535,173352689..173352766,173352854..173352956,173354213..173354386,173355752..173355850,173355949..173356059,173356153..173356251,173362703..173362828,173366500..173366607)	2	ENSG00000091409.10	ENST00000375221.2	protein_coding	protein_coding	6142	ITGA6		3655.0	1112	1	61
38	ENSP00000377776.2	PF13517	VCBS	2.5e-13	36.8	328	401	DldgDGrlDlvva.........n.dgglrvyrnngdGtftdvtktslgg...sgggtg.vavgDlDgDGdlDllv	DLNSDGWPDLIVGapyfferqeElGGAVYVYLNQG-GHWAGISPLRLCGspdSMFGISlAVLGDLNQDGFPDIAV	1,2,3,4,5,6,7,8,9,10,11,12,13,a13-0,a13-1,a13-2,a13-3,a13-4,a13-5,a13-6,a13-7,a13-8,14,a14-0,15,16,17,18,19,20,21,22,23,24,25,26,27,28,29,30,31,32,33,34,35,36,37,38,39,a39-0,a39-1,a39-2,40,41,42,43,44,45,a45-0,46,47,48,49,50,51,52,53,54,55,56,57,58,59,60,61	ENSP00000377776.2	known	GRCh37:12:complement(join(56101261..56101466,56096835..56096962,56096656..56096735,56094683..56094938,56093654..56093773,56092494..56092701,56092167..56092360,56091722..56091810,56091479..56091606,56091235..56091330,56091000..56091061,56090683..56090852,56090067..56090216,56089306..56089421,56088562..56088754,56088399..56088479,56088227..56088306,56088040..56088114,56087805..56087907,56086925..56087101,56086628..56086759,56082628..56082741,56081986..56082084,56081755..56081880,56079986..56080098,56079012..56079072))	12	ENSG00000135424.11	ENST00000394229.2	protein_coding	protein_coding	6143	ITGA7		3679.0	1118	1	61
39	ENSP00000377776.2	PF13517	VCBS	5.8e-09	30.4	390	459	DldgDGrlDlvva....ndgglrvyrnngdGtftdvtkt.slgg....sgggtgva.vgDlDgDGdlDllv	DLNQDGFPDIAVGapfdGDGKVFIYHGSSLGVVAKPSQVlE-GEavgiKSFGYSLSgSLDMDGNQYPDLLV	1,2,3,4,5,6,7,8,9,10,11,12,13,a13-0,a13-1,a13-2,a13-3,14,15,16,17,18,19,20,21,22,23,24,25,26,27,28,29,30,31,32,33,34,35,a35-0,36,37,38,39,a39-0,a39-1,a39-2,a39-3,40,41,42,43,44,45,46,47,a47-0,48,49,50,51,52,53,54,55,56,57,58,59,60,61	ENSP00000377776.2	known	GRCh37:12:complement(join(56101261..56101466,56096835..56096962,56096656..56096735,56094683..56094938,56093654..56093773,56092494..56092701,56092167..56092360,56091722..56091810,56091479..56091606,56091235..56091330,56091000..56091061,56090683..56090852,56090067..56090216,56089306..56089421,56088562..56088754,56088399..56088479,56088227..56088306,56088040..56088114,56087805..56087907,56086925..56087101,56086628..56086759,56082628..56082741,56081986..56082084,56081755..56081880,56079986..56080098,56079012..56079072))	12	ENSG00000135424.11	ENST00000394229.2	protein_coding	protein_coding	6143	ITGA7		3679.0	1118	1	61
40	ENSP00000377777.2	PF13517	VCBS	2.5e-13	36.8	332	405	DldgDGrlDlvva.........n.dgglrvyrnngdGtftdvtktslgg...sgggtg.vavgDlDgDGdlDllv	DLNSDGWPDLIVGapyfferqeElGGAVYVYLNQG-GHWAGISPLRLCGspdSMFGISlAVLGDLNQDGFPDIAV	1,2,3,4,5,6,7,8,9,10,11,12,13,a13-0,a13-1,a13-2,a13-3,a13-4,a13-5,a13-6,a13-7,a13-8,14,a14-0,15,16,17,18,19,20,21,22,23,24,25,26,27,28,29,30,31,32,33,34,35,36,37,38,39,a39-0,a39-1,a39-2,40,41,42,43,44,45,a45-0,46,47,48,49,50,51,52,53,54,55,56,57,58,59,60,61	ENSP00000377777.2	known	GRCh37:12:complement(join(56101261..56101466,56096835..56096962,56096656..56096735,56094683..56094938,56094046..56094177,56092494..56092701,56092167..56092360,56091722..56091810,56091479..56091606,56091235..56091330,56091000..56091061,56090683..56090852,56090067..56090216,56089306..56089421,56088562..56088754,56088399..56088479,56088227..56088306,56088040..56088114,56087805..56087907,56086925..56087101,56086628..56086759,56082628..56082741,56081986..56082084,56081755..56081880,56079986..56080098,56079012..56079072))	12	ENSG00000135424.11	ENST00000394230.2	protein_coding	protein_coding	6143	ITGA7		3679.0	1122	1	61
41	ENSP00000377777.2	PF13517	VCBS	5.9e-09	30.4	394	463	DldgDGrlDlvva....ndgglrvyrnngdGtftdvtkt.slgg....sgggtgva.vgDlDgDGdlDllv	DLNQDGFPDIAVGapfdGDGKVFIYHGSSLGVVAKPSQVlE-GEavgiKSFGYSLSgSLDMDGNQYPDLLV	1,2,3,4,5,6,7,8,9,10,11,12,13,a13-0,a13-1,a13-2,a13-3,14,15,16,17,18,19,20,21,22,23,24,25,26,27,28,29,30,31,32,33,34,35,a35-0,36,37,38,39,a39-0,a39-1,a39-2,a39-3,40,41,42,43,44,45,46,47,a47-0,48,49,50,51,52,53,54,55,56,57,58,59,60,61	ENSP00000377777.2	known	GRCh37:12:complement(join(56101261..56101466,56096835..56096962,56096656..56096735,56094683..56094938,56094046..56094177,56092494..56092701,56092167..56092360,56091722..56091810,56091479..56091606,56091235..56091330,56091000..56091061,56090683..56090852,56090067..56090216,56089306..56089421,56088562..56088754,56088399..56088479,56088227..56088306,56088040..56088114,56087805..56087907,56086925..56087101,56086628..56086759,56082628..56082741,56081986..56082084,56081755..56081880,56079986..56080098,56079012..56079072))	12	ENSG00000135424.11	ENST00000394230.2	protein_coding	protein_coding	6143	ITGA7		3679.0	1122	1	61
42	ENSP00000380227.2	PF13517	VCBS	2.6e-12	41.8	314	388	DldgDGrlDlvva........ndgglrvyrnngdGtftdvtktslggsgggtg......vavgDlDgDGdlDllv	DLNADGFSDLLVGapmqstirEEGRVFVYINSGSGAVMNAMETNLVGSDKYAArfgesiVNLGDIDNDGFEDVAI	1,2,3,4,5,6,7,8,9,10,11,12,13,a13-0,a13-1,a13-2,a13-3,a13-4,a13-5,a13-6,a13-7,14,15,16,17,18,19,20,21,22,23,24,25,26,27,28,29,30,31,32,33,34,35,36,37,38,39,40,41,42,43,44,45,a45-0,a45-1,a45-2,a45-3,a45-4,a45-5,46,47,48,49,50,51,52,53,54,55,56,57,58,59,60,61	ENSP00000380227.2	known	GRCh37:2:join(182322382..182322578,182322923..182323044,182339687..182339793,182339886..182340015,182343484..182343551,182344864..182344993,182346325..182346410,182347087..182347149,182347241..182347378,182350608..182350719,182358052..182358146,182359449..182359539,182360098..182360143,182360510..182360664,182363350..182363504,182374385..182374534,182376426..182376502,182386918..182387068,182388164..182388259,182388898..182388977,182389929..182390018,182392024..182392114,182394268..182394375,182395251..182395376,182396384..182396503,182398999..182399097,182399543..182399662,182400159..182400254)	2	ENSG00000115232.9	ENST00000397033.2	protein_coding	protein_coding	6140	ITGA4	NP_000876	3676.0	1032	1	61
43	ENSP00000386614.1	PF13517	VCBS	2.4e-13	45.3	205	278	DldgDGrlDlvva..........ndgglrvyrnngdGtftdvtktslggsgggt.gva...vgDlDgDGdlDllv	DLNKDGWQDIVIGapqyfdrdgeVGGAVYVYMNQ-QGRWNNVKPIRLNGTKDSMfGIAvknIGDINQDGYPDIAV	1,2,3,4,5,6,7,8,9,10,11,12,13,a13-0,a13-1,a13-2,a13-3,a13-4,a13-5,a13-6,a13-7,a13-8,a13-9,14,15,16,17,18,19,20,21,22,23,24,25,26,27,28,29,30,31,32,33,34,35,36,37,38,39,40,41,42,43,44,a44-0,45,46,47,a47-0,a47-1,a47-2,48,49,50,51,52,53,54,55,56,57,58,59,60,61	ENSP00000386614.1	known	GRCh37:2:join(173332244..173332288,173333853..173334108,173337502..173337618,173338783..173338993,173339657..173339850,173340325..173340413,173341123..173341241,173344369..173344467,173344718..173344779,173349510..173349670,173349849..173349992,173351751..173351866,173351992..173352181,173352275..173352358,173352456..173352535,173352689..173352766,173352854..173352956,173354213..173354386,173355752..173355850,173355949..173356059,173356153..173356251,173362703..173362828,173366500..173366607)	2	ENSG00000091409.10	ENST00000409532.1	protein_coding	protein_coding	6142	ITGA6		3655.0	954	1	61
44	ENSP00000386896.1	PF13517	VCBS	2.4e-13	45.3	324	397	DldgDGrlDlvva..........ndgglrvyrnngdGtftdvtktslggsgggt.gva...vgDlDgDGdlDllv	DLNKDGWQDIVIGapqyfdrdgeVGGAVYVYMNQ-QGRWNNVKPIRLNGTKDSMfGIAvknIGDINQDGYPDIAV	1,2,3,4,5,6,7,8,9,10,11,12,13,a13-0,a13-1,a13-2,a13-3,a13-4,a13-5,a13-6,a13-7,a13-8,a13-9,14,15,16,17,18,19,20,21,22,23,24,25,26,27,28,29,30,31,32,33,34,35,36,37,38,39,40,41,42,43,44,a44-0,45,46,47,a47-0,a47-1,a47-2,48,49,50,51,52,53,54,55,56,57,58,59,60,61	ENSP00000386896.1	known	GRCh37:2:join(173292517..173292698,173330267..173330391,173332209..173332288,173333853..173334108,173335702..173335833,173338783..173338993,173339657..173339850,173340325..173340413,173341123..173341241,173344369..173344467,173344718..173344779,173349510..173349670,173349849..173349992,173351751..173351866,173351992..173352181,173352275..173352358,173352456..173352535,173352689..173352766,173352854..173352956,173354213..173354386,173355752..173355850,173355949..173356059,173356153..173356251,173362703..173362828,173368819..173368980)	2	ENSG00000091409.10	ENST00000409080.1	protein_coding	protein_coding	6142	ITGA6	NP_001073286	3655.0	1091	1	61
45	ENSP00000393844.2	PF13517	VCBS	2.2e-13	36.9	235	308	DldgDGrlDlvva.........n.dgglrvyrnngdGtftdvtktslgg...sgggtg.vavgDlDgDGdlDllv	DLNSDGWPDLIVGapyfferqeElGGAVYVYLNQG-GHWAGISPLRLCGspdSMFGISlAVLGDLNQDGFPDIAV	1,2,3,4,5,6,7,8,9,10,11,12,13,a13-0,a13-1,a13-2,a13-3,a13-4,a13-5,a13-6,a13-7,a13-8,14,a14-0,15,16,17,18,19,20,21,22,23,24,25,26,27,28,29,30,31,32,33,34,35,36,37,38,39,a39-0,a39-1,a39-2,40,41,42,43,44,45,a45-0,46,47,48,49,50,51,52,53,54,55,56,57,58,59,60,61	ENSP00000393844.2	known	GRCh37:12:complement(join(56106041..56106053,56105847..56105918,56095163..56095200,56094683..56094938,56094046..56094177,56092494..56092701,56092167..56092360,56091722..56091810,56091479..56091606,56091235..56091330,56091000..56091061,56090683..56090852,56090067..56090216,56089306..56089421,56088562..56088754,56088399..56088479,56088227..56088306,56088040..56088114,56087805..56087907,56086925..56087101,56086628..56086759,56082628..56082741,56081986..56082084,56081755..56081880,56078842..56079072))	12	ENSG00000135424.11	ENST00000452168.2	protein_coding	protein_coding	6143	ITGA7	NP_001138469	3679.0	1044	1	61
46	ENSP00000393844.2	PF13517	VCBS	5.6e-09	30.4	297	366	DldgDGrlDlvva....ndgglrvyrnngdGtftdvtkt.slgg....sgggtgva.vgDlDgDGdlDllv	DLNQDGFPDIAVGapfdGDGKVFIYHGSSLGVVAKPSQVlE-GEavgiKSFGYSLSgSLDMDGNQYPDLLV	1,2,3,4,5,6,7,8,9,10,11,12,13,a13-0,a13-1,a13-2,a13-3,14,15,16,17,18,19,20,21,22,23,24,25,26,27,28,29,30,31,32,33,34,35,a35-0,36,37,38,39,a39-0,a39-1,a39-2,a39-3,40,41,42,43,44,45,46,47,a47-0,48,49,50,51,52,53,54,55,56,57,58,59,60,61	ENSP00000393844.2	known	GRCh37:12:complement(join(56106041..56106053,56105847..56105918,56095163..56095200,56094683..56094938,56094046..56094177,56092494..56092701,56092167..56092360,56091722..56091810,56091479..56091606,56091235..56091330,56091000..56091061,56090683..56090852,56090067..56090216,56089306..56089421,56088562..56088754,56088399..56088479,56088227..56088306,56088040..56088114,56087805..56087907,56086925..56087101,56086628..56086759,56082628..56082741,56081986..56082084,56081755..56081880,56078842..56079072))	12	ENSG00000135424.11	ENST00000452168.2	protein_coding	protein_coding	6143	ITGA7	NP_001138469	3679.0	1044	1	61
47	ENSP00000394169.1	PF13517	VCBS	2.4e-13	45.3	319	392	DldgDGrlDlvva..........ndgglrvyrnngdGtftdvtktslggsgggt.gva...vgDlDgDGdlDllv	DLNKDGWQDIVIGapqyfdrdgeVGGAVYVYMNQ-QGRWNNVKPIRLNGTKDSMfGIAvknIGDINQDGYPDIAV	1,2,3,4,5,6,7,8,9,10,11,12,13,a13-0,a13-1,a13-2,a13-3,a13-4,a13-5,a13-6,a13-7,a13-8,a13-9,14,15,16,17,18,19,20,21,22,23,24,25,26,27,28,29,30,31,32,33,34,35,36,37,38,39,40,41,42,43,44,a44-0,45,46,47,a47-0,a47-1,a47-2,48,49,50,51,52,53,54,55,56,57,58,59,60,61	ENSP00000394169.1	known	GRCh37:2:join(173292517..173292698,173330267..173330391,173332209..173332288,173333853..173334108,173337502..173337618,173338783..173338993,173339657..173339850,173340325..173340413,173341123..173341241,173344369..173344467,173344718..173344779,173349510..173349670,173349849..173349992,173351751..173351866,173351992..173352181,173352275..173352358,173352456..173352535,173352689..173352766,173352854..173352956,173354213..173354386,173355752..173355850,173355949..173356059,173356153..173356251,173362703..173362828,173368819..173368977)	2	ENSG00000091409.10	ENST00000458358.1	protein_coding	protein_coding	6142	ITGA6		3655.0	1085	1	61
48	ENSP00000397258.1	PF13517	VCBS	1.1e-13	46.3	312	384	DldgDGrlDlvva........ndgglrvyrnngdGtftdvtktslgg.sgggtg...vavgDlDgDGdlDllv	DLNGDGLSDLLVGapmfseirDEGQVTVYINRGNGALEEQLALTGDGaYNAHFGesiASLDDLDNDGFPDVAI	1,2,3,4,5,6,7,8,9,10,11,12,13,a13-0,a13-1,a13-2,a13-3,a13-4,a13-5,a13-6,a13-7,14,15,16,17,18,19,20,21,22,23,24,25,26,27,28,29,30,31,32,33,34,35,36,37,38,39,a39-0,40,41,42,43,44,45,a45-0,a45-1,a45-2,46,47,48,49,50,51,52,53,54,55,56,57,58,59,60,61	ENSP00000397258.1	putative	GRCh37:3:join(37493866..37494050,37512498..37512625,37514845..37514951,37522975..37523098,37535992..37536059,37544669..37544798,37547491..37547576,37550050..37550118,37555254..37555391,37558995..37559100,37560751..37560845,37565012..37565102,37567517..37567562,37574805..37574959,37583916..37584076,37670678..37670887)	3	ENSG00000144668.7	ENST00000422441.1	protein_coding	protein_coding	6145	ITGA9		3680.0	632	1	61
49	ENSP00000403392.2	PF13517	VCBS	1.9e-08	28.8	488	562	DldgDGrlDlvva..........ndgglrvyrnngdGtftdvtktslggsgggt.g...vavgDlDgDGdlDllv	DIDGDGVTDVLLVgapmyfnegrERGKVYVYELRQNLFVYNGTLKDSHSYQNARfGssiASVRDLNQDSYNDVVV	1,2,3,4,5,6,7,8,9,10,11,12,13,a13-0,a13-1,a13-2,a13-3,a13-4,a13-5,a13-6,a13-7,a13-8,a13-9,14,15,16,17,18,19,20,21,22,23,24,25,26,27,28,29,30,31,32,33,34,35,36,37,38,39,40,41,42,43,44,a44-0,45,a45-0,a45-1,a45-2,46,47,48,49,50,51,52,53,54,55,56,57,58,59,60,61	ENSP00000403392.2	novel	GRCh37:15:complement(join(68724354..68724405,68695257..68695368,68661522..68661622,68657045..68657136,68653928..68654042,68650796..68650923,68649489..68649637,68643596..68643740,68642955..68643120,68641168..68641238,68631838..68631982,68628035..68628183,68624676..68624816,68624197..68624400,68623319..68623449,68620434..68620600,68618992..68619134,68617469..68617579,68613756..68613841,68612523..68612730,68609603..68609701,68607989..68608065,68606117..68606206,68605111..68605201,68603625..68603741,68603332..68603418,68599924..68600034,68599686..68599781,68596110..68596223,68595397..68595468))	15	ENSG00000137809.12	ENST00000423218.2	protein_coding	protein_coding	6136	ITGA11	XP_005254284	22801.0	1189	1	61
50	ENSP00000404291.2	PF13517	VCBS	3.6e-10	34.7	214	279	DldgDGrlDlvva......ndgglrvyrnngdGtftdvtktslggsgggtgvavgDlDgDGdlDllv	DFNGDGIDDFVSGvpraarTLGMVYIYDGKNMSSLYNFTGEQMAAY-FGFSVAATDINGDDYADVFI	1,2,3,4,5,6,7,8,9,10,11,12,13,a13-0,a13-1,a13-2,a13-3,a13-4,a13-5,14,15,16,17,18,19,20,21,22,23,24,25,26,27,28,29,30,31,32,33,34,35,36,37,38,39,40,41,42,43,44,45,46,47,48,49,50,51,52,53,54,55,56,57,58,59,60,61	ENSP00000404291.2	known	GRCh37:2:join(187465062..187465108,187466748..187466878,187487066..187487157,187490200..187490314,187495524..187495585,187498056..187498101,187500809..187500934,187501792..187501836,187503004..187503047,187503136..187503192,187505642..187505694,187506113..187506315,187511413..187511604,187514567..187514612,187516709..187516816,187519377..187519435,187520974..187521128,187523765..187523902,187528495..187528562,187529221..187529368,187529853..187529945,187531431..187531510,187531877..187531957,187532398..187532503,187533489..187533647,187534428..187534541,187540331..187540444,187540547..187540654,187541540..187541662,187541924..187542019)	2	ENSG00000138448.7	ENST00000433736.2	protein_coding	protein_coding	6150	ITGAV	NP_001138471	3685.0	1002	1	61
51	ENSP00000404291.2	PF13517	VCBS	2.4e-09	30.5	333	408	DldgDGrlDlvva.....ndgglrvyrnngdGt.ftdvtktslgg........sgggtgva.vgDlDgDGdlDllv	DLDQDGFNDIAIAapyggEDKKGIVYIFNGRSTgLNAVPSQILEGqwaarsmpPSFGYSMKgATDIDKNGYPDLIV	1,2,3,4,5,6,7,8,9,10,11,12,13,a13-0,a13-1,a13-2,a13-3,a13-4,14,15,16,17,18,19,20,21,22,23,24,25,26,27,28,a28-0,29,30,31,32,33,34,35,36,37,38,39,a39-0,a39-1,a39-2,a39-3,a39-4,a39-5,a39-6,a39-7,40,41,42,43,44,45,46,47,a47-0,48,49,50,51,52,53,54,55,56,57,58,59,60,61	ENSP00000404291.2	known	GRCh37:2:join(187465062..187465108,187466748..187466878,187487066..187487157,187490200..187490314,187495524..187495585,187498056..187498101,187500809..187500934,187501792..187501836,187503004..187503047,187503136..187503192,187505642..187505694,187506113..187506315,187511413..187511604,187514567..187514612,187516709..187516816,187519377..187519435,187520974..187521128,187523765..187523902,187528495..187528562,187529221..187529368,187529853..187529945,187531431..187531510,187531877..187531957,187532398..187532503,187533489..187533647,187534428..187534541,187540331..187540444,187540547..187540654,187541540..187541662,187541924..187542019)	2	ENSG00000138448.7	ENST00000433736.2	protein_coding	protein_coding	6150	ITGAV	NP_001138471	3685.0	1002	1	61
52	ENSP00000406694.1	PF13517	VCBS	2.4e-13	45.3	363	436	DldgDGrlDlvva..........ndgglrvyrnngdGtftdvtktslggsgggt.gva...vgDlDgDGdlDllv	DLNKDGWQDIVIGapqyfdrdgeVGGAVYVYMNQ-QGRWNNVKPIRLNGTKDSMfGIAvknIGDINQDGYPDIAV	1,2,3,4,5,6,7,8,9,10,11,12,13,a13-0,a13-1,a13-2,a13-3,a13-4,a13-5,a13-6,a13-7,a13-8,a13-9,14,15,16,17,18,19,20,21,22,23,24,25,26,27,28,29,30,31,32,33,34,35,36,37,38,39,40,41,42,43,44,a44-0,45,46,47,a47-0,a47-1,a47-2,48,49,50,51,52,53,54,55,56,57,58,59,60,61	ENSP00000406694.1	known	GRCh37:2:join(173292517..173292698,173330267..173330391,173332209..173332288,173333853..173334108,173335702..173335833,173337502..173337618,173338783..173338993,173339657..173339850,173340325..173340413,173341123..173341241,173344369..173344467,173344718..173344779,173349510..173349670,173349849..173349992,173351751..173351866,173351992..173352181,173352275..173352358,173352456..173352535,173352689..173352766,173352854..173352956,173354213..173354386,173355752..173355850,173355949..173356059,173356153..173356251,173362703..173362828,173368819..173368977)	2	ENSG00000091409.10	ENST00000442250.1	protein_coding	protein_coding	6142	ITGA6		3655.0	1129	1	61
53	ENSP00000408445.1	PF13517	VCBS	8.4e-10	33.5	143	206	DldgDGrlDlvvan.dgglrvyrnngdGtftdvtktslgg..sgggtgvavgDlDgDGdlDllv	PILSSSASDIFCDNeNGPNFLFHNRGDGTFVDAAASAGVDdpHQHGRGVALADFNRDGKVDIVY	1,2,3,4,5,6,7,8,9,10,11,12,13,14,a14-0,15,16,17,18,19,20,21,22,23,24,25,26,27,28,29,30,31,32,33,34,35,36,37,38,39,a39-0,a39-1,40,41,42,43,44,45,46,47,48,49,50,51,52,53,54,55,56,57,58,59,60,61	ENSP00000408445.1	known	GRCh37:10:complement(join(99695927..99696035,99683021..99683157,99677257..99677413,99667770..99667904,99664426..99664571,99661260..99661396,99656666..99656748,99655642..99655742,99655002..99655170,99643963..99644108,99640006..99640149,99625361..99625471))	10	ENSG00000095713.9	ENST00000413387.1	protein_coding	protein_coding	14882	CRTAC1		55118.0	524	1	61
54	ENSP00000408445.1	PF13517	VCBS	8.8e-09	30.1	248	318	DldgDGrlDlvva.....ndgglrvyrnngdGtftdvtkt.....slggsgggtgvavgDlDgDGdlDllv	DFDNDQELEIFFNniayrSSSANRLFRVIRREHGDPLIEElnpgdALEPEGRGTGGVVTDFDGDGMLDLIL	1,2,3,4,5,6,7,8,9,10,11,12,13,a13-0,a13-1,a13-2,a13-3,a13-4,14,15,16,17,18,19,20,21,22,23,24,25,26,27,28,29,30,31,32,33,34,35,a35-0,a35-1,a35-2,a35-3,a35-4,36,37,38,39,40,41,42,43,44,45,46,47,48,49,50,51,52,53,54,55,56,57,58,59,60,61	ENSP00000408445.1	known	GRCh37:10:complement(join(99695927..99696035,99683021..99683157,99677257..99677413,99667770..99667904,99664426..99664571,99661260..99661396,99656666..99656748,99655642..99655742,99655002..99655170,99643963..99644108,99640006..99640149,99625361..99625471))	10	ENSG00000095713.9	ENST00000413387.1	protein_coding	protein_coding	14882	CRTAC1		55118.0	524	1	61
55	ENSP00000439894.1	PF13517	VCBS	1.2e-08	29.7	415	488	DldgDGrlDlvva.....n.dgglrvyrnngdGt....ftdvtktslgg..sgggtgva.vgDlDgDGdlDllv	DLNQDGFADVAVGapledGhQGALYLYHGTQSGVrphpAQRIAAASMPHalSYFGRSVDgRLDLDGDDLVDVAV	1,2,3,4,5,6,7,8,9,10,11,12,13,a13-0,a13-1,a13-2,a13-3,a13-4,14,a14-0,15,16,17,18,19,20,21,22,23,24,25,26,27,28,a28-0,a28-1,a28-2,a28-3,29,30,31,32,33,34,35,36,37,38,39,a39-0,a39-1,40,41,42,43,44,45,46,47,a47-0,48,49,50,51,52,53,54,55,56,57,58,59,60,61	ENSP00000439894.1	known	GRCh37:1:join(145525066..145525117,145530267..145530394,145530878..145531026,145532115..145532265,145532457..145532622,145532757..145532830,145533055..145533199,145533412..145533560,145533798..145533941,145534083..145534286,145534889..145535019,145535735..145535901,145535998..145536140,145536853..145536966,145537176..145537261,145537423..145537564,145537737..145537829,145537989..145538065,145538218..145538307,145538724..145538808,145538980..145539093,145539365..145539445,145539683..145539796,145541441..145541536,145541802..145541915,145542213..145542278)	1	ENSG00000143127.8	ENST00000539363.1	protein_coding	protein_coding	6135	ITGA10		8515.0	1024	1	61
56	ENSP00000440011.1	PF13517	VCBS	1.2e-08	29.7	427	500	DldgDGrlDlvva.....n.dgglrvyrnngdGt....ftdvtktslgg..sgggtgva.vgDlDgDGdlDllv	DLNQDGFADVAVGapledGhQGALYLYHGTQSGVrphpAQRIAAASMPHalSYFGRSVDgRLDLDGDDLVDVAV	1,2,3,4,5,6,7,8,9,10,11,12,13,a13-0,a13-1,a13-2,a13-3,a13-4,14,a14-0,15,16,17,18,19,20,21,22,23,24,25,26,27,28,a28-0,a28-1,a28-2,a28-3,29,30,31,32,33,34,35,36,37,38,39,a39-0,a39-1,40,41,42,43,44,45,46,47,a47-0,48,49,50,51,52,53,54,55,56,57,58,59,60,61	ENSP00000440011.1	known	GRCh37:1:join(145527637..145527724,145530267..145530394,145530878..145531026,145532115..145532265,145532457..145532622,145532757..145532830,145533055..145533199,145533412..145533560,145533798..145533941,145534083..145534286,145534889..145535019,145535735..145535901,145535998..145536140,145536853..145536966,145537176..145537261,145537423..145537564,145537737..145537829,145537989..145538065,145538218..145538307,145538724..145538808,145538980..145539093,145539365..145539445,145539683..145539796,145541441..145541536,145541802..145541915,145542213..145542278)	1	ENSG00000143127.8	ENST00000538811.1	protein_coding	protein_coding	6135	ITGA10	XP_005273036	8515.0	1036	1	61
57	ENSP00000446133.1	PF13517	VCBS	5.1e-13	40.6	90	164	DldgDGrlDlvva.........n.dgglrvyrnngdGtftdvtktslgg...sgggtg.vavgDlDgDGdlDllv	DLNNDGWQDLLVGapyyferkeEvGGAIYVFMNQAGTSFPAHPSLLLHGpsgSAFGLSvASIGDINQDGFQDIAV	1,2,3,4,5,6,7,8,9,10,11,12,13,a13-0,a13-1,a13-2,a13-3,a13-4,a13-5,a13-6,a13-7,a13-8,14,a14-0,15,16,17,18,19,20,21,22,23,24,25,26,27,28,29,30,31,32,33,34,35,36,37,38,39,a39-0,a39-1,a39-2,40,41,42,43,44,45,a45-0,46,47,48,49,50,51,52,53,54,55,56,57,58,59,60,61	ENSP00000446133.1	known	GRCh37:17:join(48148219..48148294,48148675..48148882,48149350..48149546,48151280..48151368,48151508..48151644,48151812..48151898,48152823..48152913)	17	ENSG00000005884.13	ENST00000544892.1	protein_coding	protein_coding	6139	ITGA3		3675.0	294	1	61
58	ENSP00000452120.1	PF13517	VCBS	2.5e-13	36.8	332	405	DldgDGrlDlvva.........n.dgglrvyrnngdGtftdvtktslgg...sgggtg.vavgDlDgDGdlDllv	DLNSDGWPDLIVGapyfferqeElGGAVYVYLNQG-GHWAGISPLRLCGspdSMFGISlAVLGDLNQDGFPDIAV	1,2,3,4,5,6,7,8,9,10,11,12,13,a13-0,a13-1,a13-2,a13-3,a13-4,a13-5,a13-6,a13-7,a13-8,14,a14-0,15,16,17,18,19,20,21,22,23,24,25,26,27,28,29,30,31,32,33,34,35,36,37,38,39,a39-0,a39-1,a39-2,40,41,42,43,44,45,a45-0,46,47,48,49,50,51,52,53,54,55,56,57,58,59,60,61	ENSP00000452120.1	known	GRCh37:12:complement(join(56101261..56101466,56096835..56096962,56096656..56096735,56094683..56094938,56094046..56094177,56092494..56092701,56092167..56092360,56091722..56091810,56091479..56091606,56091235..56091330,56091000..56091061,56090683..56090852,56090067..56090216,56089306..56089421,56088562..56088754,56088399..56088479,56088227..56088306,56088040..56088114,56087805..56087907,56086925..56087101,56086628..56086759,56082628..56082741,56081986..56082084,56081755..56081880,56078842..56079072))	12	ENSG00000135424.11	ENST00000553804.1	protein_coding	protein_coding	6143	ITGA7	NP_001138468	3679.0	1141	1	61
59	ENSP00000452120.1	PF13517	VCBS	5.9e-09	30.4	394	463	DldgDGrlDlvva....ndgglrvyrnngdGtftdvtkt.slgg....sgggtgva.vgDlDgDGdlDllv	DLNQDGFPDIAVGapfdGDGKVFIYHGSSLGVVAKPSQVlE-GEavgiKSFGYSLSgSLDMDGNQYPDLLV	1,2,3,4,5,6,7,8,9,10,11,12,13,a13-0,a13-1,a13-2,a13-3,14,15,16,17,18,19,20,21,22,23,24,25,26,27,28,29,30,31,32,33,34,35,a35-0,36,37,38,39,a39-0,a39-1,a39-2,a39-3,40,41,42,43,44,45,46,47,a47-0,48,49,50,51,52,53,54,55,56,57,58,59,60,61	ENSP00000452120.1	known	GRCh37:12:complement(join(56101261..56101466,56096835..56096962,56096656..56096735,56094683..56094938,56094046..56094177,56092494..56092701,56092167..56092360,56091722..56091810,56091479..56091606,56091235..56091330,56091000..56091061,56090683..56090852,56090067..56090216,56089306..56089421,56088562..56088754,56088399..56088479,56088227..56088306,56088040..56088114,56087805..56087907,56086925..56087101,56086628..56086759,56082628..56082741,56081986..56082084,56081755..56081880,56078842..56079072))	12	ENSG00000135424.11	ENST00000553804.1	protein_coding	protein_coding	6143	ITGA7	NP_001138468	3679.0	1141	1	61
60	ENSP00000452387.1	PF13517	VCBS	2.6e-13	36.7	372	445	DldgDGrlDlvva.........n.dgglrvyrnngdGtftdvtktslgg...sgggtg.vavgDlDgDGdlDllv	DLNSDGWPDLIVGapyfferqeElGGAVYVYLNQG-GHWAGISPLRLCGspdSMFGISlAVLGDLNQDGFPDIAV	1,2,3,4,5,6,7,8,9,10,11,12,13,a13-0,a13-1,a13-2,a13-3,a13-4,a13-5,a13-6,a13-7,a13-8,14,a14-0,15,16,17,18,19,20,21,22,23,24,25,26,27,28,29,30,31,32,33,34,35,36,37,38,39,a39-0,a39-1,a39-2,40,41,42,43,44,45,a45-0,46,47,48,49,50,51,52,53,54,55,56,57,58,59,60,61	ENSP00000452387.1	known	GRCh37:12:complement(join(56101261..56101466,56096835..56096962,56096656..56096735,56094683..56094938,56094046..56094177,56093654..56093773,56092494..56092701,56092167..56092360,56091722..56091810,56091479..56091606,56091235..56091330,56091000..56091061,56090683..56090852,56090067..56090216,56089306..56089421,56088562..56088754,56088399..56088479,56088227..56088306,56088040..56088114,56087805..56087907,56086925..56087101,56086628..56086759,56082628..56082741,56081986..56082084,56081755..56081880,56078842..56079072))	12	ENSG00000135424.11	ENST00000555728.1	protein_coding	protein_coding	6143	ITGA7	XP_005268896	3679.0	1181	1	61
61	ENSP00000452387.1	PF13517	VCBS	6.2e-09	30.4	434	503	DldgDGrlDlvva....ndgglrvyrnngdGtftdvtkt.slgg....sgggtgva.vgDlDgDGdlDllv	DLNQDGFPDIAVGapfdGDGKVFIYHGSSLGVVAKPSQVlE-GEavgiKSFGYSLSgSLDMDGNQYPDLLV	1,2,3,4,5,6,7,8,9,10,11,12,13,a13-0,a13-1,a13-2,a13-3,14,15,16,17,18,19,20,21,22,23,24,25,26,27,28,29,30,31,32,33,34,35,a35-0,36,37,38,39,a39-0,a39-1,a39-2,a39-3,40,41,42,43,44,45,46,47,a47-0,48,49,50,51,52,53,54,55,56,57,58,59,60,61	ENSP00000452387.1	known	GRCh37:12:complement(join(56101261..56101466,56096835..56096962,56096656..56096735,56094683..56094938,56094046..56094177,56093654..56093773,56092494..56092701,56092167..56092360,56091722..56091810,56091479..56091606,56091235..56091330,56091000..56091061,56090683..56090852,56090067..56090216,56089306..56089421,56088562..56088754,56088399..56088479,56088227..56088306,56088040..56088114,56087805..56087907,56086925..56087101,56086628..56086759,56082628..56082741,56081986..56082084,56081755..56081880,56078842..56079072))	12	ENSG00000135424.11	ENST00000555728.1	protein_coding	protein_coding	6143	ITGA7	XP_005268896	3679.0	1181	1	61
62	ENSP00000462258.1	PF13517	VCBS	1.2e-08	29.7	427	500	DldgDGrlDlvva.....n.dgglrvyrnngdGt....ftdvtktslgg..sgggtgva.vgDlDgDGdlDllv	DLNQDGFADVAVGapledGhQGALYLYHGTQSGVrphpAQRIAAASMPHalSYFGRSVDgRLDLDGDDLVDVAV	1,2,3,4,5,6,7,8,9,10,11,12,13,a13-0,a13-1,a13-2,a13-3,a13-4,14,a14-0,15,16,17,18,19,20,21,22,23,24,25,26,27,28,a28-0,a28-1,a28-2,a28-3,29,30,31,32,33,34,35,36,37,38,39,a39-0,a39-1,40,41,42,43,44,45,46,47,a47-0,48,49,50,51,52,53,54,55,56,57,58,59,60,61	ENSP00000462258.1	known	GRCh37:HG1287_PATCH:complement(join(146593769..146593856,146591099..146591226,146590467..146590615,146589226..146589376,146588869..146589034,146588661..146588734,146588292..146588436,146587931..146588079,146587550..146587693,146587205..146587408,146586472..146586602,146585590..146585756,146585351..146585493,146584525..146584638,146584230..146584315,146583927..146584068,146583662..146583754,146583426..146583502,146583184..146583273,146582683..146582767,146582398..146582511,146582046..146582126,146581695..146581808,146579955..146580050,146579576..146579689,146579213..146579278))	HG1287_PATCH	ENSG00000264162.1	ENST00000584001.1	protein_coding	protein_coding	6135	ITGA10	XP_005273036	8515.0	1036	1	61
63	ENSP00000462836.1	PF13517	VCBS	1.2e-08	29.7	415	488	DldgDGrlDlvva.....n.dgglrvyrnngdGt....ftdvtktslgg..sgggtgva.vgDlDgDGdlDllv	DLNQDGFADVAVGapledGhQGALYLYHGTQSGVrphpAQRIAAASMPHalSYFGRSVDgRLDLDGDDLVDVAV	1,2,3,4,5,6,7,8,9,10,11,12,13,a13-0,a13-1,a13-2,a13-3,a13-4,14,a14-0,15,16,17,18,19,20,21,22,23,24,25,26,27,28,a28-0,a28-1,a28-2,a28-3,29,30,31,32,33,34,35,36,37,38,39,a39-0,a39-1,40,41,42,43,44,45,46,47,a47-0,48,49,50,51,52,53,54,55,56,57,58,59,60,61	ENSP00000462836.1	known	GRCh37:HG1287_PATCH:complement(join(146596378..146596429,146591099..146591226,146590467..146590615,146589226..146589376,146588869..146589034,146588661..146588734,146588292..146588436,146587931..146588079,146587550..146587693,146587205..146587408,146586472..146586602,146585590..146585756,146585351..146585493,146584525..146584638,146584230..146584315,146583927..146584068,146583662..146583754,146583426..146583502,146583184..146583273,146582683..146582767,146582398..146582511,146582046..146582126,146581695..146581808,146579955..146580050,146579576..146579689,146579213..146579278))	HG1287_PATCH	ENSG00000264162.1	ENST00000580116.1	protein_coding	protein_coding	6135	ITGA10		8515.0	1024	1	61
64	ENSP00000462898.1	PF13517	VCBS	1.2e-08	29.7	558	631	DldgDGrlDlvva.....n.dgglrvyrnngdGt....ftdvtktslgg..sgggtgva.vgDlDgDGdlDllv	DLNQDGFADVAVGapledGhQGALYLYHGTQSGVrphpAQRIAAASMPHalSYFGRSVDgRLDLDGDDLVDVAV	1,2,3,4,5,6,7,8,9,10,11,12,13,a13-0,a13-1,a13-2,a13-3,a13-4,14,a14-0,15,16,17,18,19,20,21,22,23,24,25,26,27,28,a28-0,a28-1,a28-2,a28-3,29,30,31,32,33,34,35,36,37,38,39,a39-0,a39-1,40,41,42,43,44,45,46,47,a47-0,48,49,50,51,52,53,54,55,56,57,58,59,60,61	ENSP00000462898.1	known	GRCh37:HG1287_PATCH:complement(join(146596378..146596429,146593769..146593880,146593456..146593565,146593148..146593239,146592809..146592923,146591099..146591226,146590467..146590615,146589226..146589376,146588869..146589034,146588661..146588734,146588292..146588436,146587931..146588079,146587550..146587693,146587205..146587408,146586472..146586602,146585590..146585756,146585351..146585493,146584525..146584638,146584230..146584315,146583927..146584068,146583662..146583754,146583426..146583502,146583184..146583273,146582683..146582767,146582398..146582511,146582046..146582126,146581695..146581808,146579955..146580050,146579576..146579689,146579213..146579278))	HG1287_PATCH	ENSG00000264162.1	ENST00000583017.1	protein_coding	protein_coding	6135	ITGA10	XP_005277489	8515.0	1167	1	61
