	#TargetID	pfam_id	domain_name	E-value	BitScore	TargetStart	TargetEnd	HMM_Seq	Target_Seq	HMM_Pos	prot	pep	chromosome	chrom_num	gene	transcript	gene_biotype	transcript_biotype	hgncID	hugoSymbol	refseq	entrez	length	HMMStart	HMMEnd
0	ENSP00000269209.6	PF12736	CABIT	1.0999999999999997e-81	272.3	32	323	LPqvvkvtsgeygegsLskgdvllihslksakkvvAqeleegrgvvgpkleIPlsYpGkFkllpeegp.......FesVeelaksfpekvlakeeipdsvkellgessedlsvenftvkaGeeLtvlgvkeveggkee...lasvavgkkltktkkiksvskqkveyLkClrnqtgesvlLPlscrGrFsei..leecedeeeytlreivekfkLPlnVkvvsgdlpredk.edllaftgelrLesvyeetvvvasllskdipfrklelsidsdl...kvevaevtseeakelekll	LPQIARLDNGECVEG-LRENDYLLIHSCRQWTTITAHSLEEGHYVIGPKIEIPVHYAGQFKLLEQDRDikepvqyFNSVEEVAKAFPERVYVMEDITFNVKVASGECNEDTEVYNITLCTGDELTLMGQAEILYAKTFkekSRLNTIFKKIGKLNSISKLGKGKMPCLICMNHRTNESISLPFQCKGRFSTRspLELQMQEGEHTIRNIVEKTRLPVNVTVPSPP-PRNPYdLHFIREGHRYKFVNIQTKTVVVCCVL---RNNKILPMHFPLHLtvpKFSLPEHLVKGESWPETLV	1,2,3,4,5,6,7,8,9,10,11,12,13,14,15,16,17,18,19,20,21,22,23,24,25,26,27,28,29,30,31,32,33,34,35,36,37,38,39,40,41,42,43,44,45,46,47,48,49,50,51,52,53,54,55,56,57,58,59,60,61,62,63,64,65,66,67,68,a68-0,a68-1,a68-2,a68-3,a68-4,a68-5,a68-6,69,70,71,72,73,74,75,76,77,78,79,80,81,82,83,84,85,86,87,88,89,90,91,92,93,94,95,96,97,98,99,100,101,102,103,104,105,106,107,108,109,110,111,112,113,114,115,116,117,118,119,120,121,122,123,124,125,126,127,128,129,130,131,a131-0,a131-1,a131-2,132,133,134,135,136,137,138,139,140,141,142,143,144,145,146,147,148,149,150,151,152,153,154,155,156,157,158,159,160,161,162,163,164,165,166,167,168,169,170,171,172,173,174,175,176,177,178,179,180,181,182,a182-0,a182-1,183,184,185,186,187,188,189,190,191,192,193,194,195,196,197,198,199,200,201,202,203,204,205,206,207,208,209,210,211,212,213,214,215,216,217,218,219,a219-0,220,221,222,223,224,225,226,227,228,229,230,231,232,233,234,235,236,237,238,239,240,241,242,243,244,245,246,247,248,249,250,251,252,253,254,255,256,257,258,259,260,261,262,a262-0,a262-1,a262-2,263,264,265,266,267,268,269,270,271,272,273,274,275,276,277,278,279,280,281	ENSP00000269209.6	known	GRCh37:18:complement(join(30050271..30050391,29972858..29972998,29890156..29890286,29866994..29868166,29850180..29850346,29847834..29848731))	18	ENSG00000141441.11	ENST00000269209.6	protein_coding	protein_coding	26136	GAREM		64762	876	1	281
1	ENSP00000329862.7	PF12736	CABIT	2e-26	88.7	18	395	LPqvvkvtsgeygegs..........LskgdvllihslksakkvvAqeleegrgvvgpkleIPlsYpGkFkllpeegpFesVeelaksfpekvlakeeipdsvkellgessedlsvenftvkaGeeLtvlgvkeveggkee..lasvavgkkltkt.kkiksvs......................................................................kqkveyLkCl....................................rnqtgesvlLPlscrGrFseileecedeeeytlreivekfkLPlnVkvvsgdlpredkedllaftgelrLesvyeetvvvaslls.....kdipfrklelsidsdlkvevaevtseeakelekll	LPRVLRVCSGVYFEGSiyeisgneccLSTGDLIKVTQVRLQK-VVCENPK-----TSQTMELAPNFQGYFTPLNTPQSYETLEEL-------VSATTQ-SSKQLPTCFMSTHRIVTEGRVVTEDQLLMLEAVVMHLGIRSArcVLGMEGQQVILHLpLSQKGPFwtwepsaprtllqvlqdpalkdlvltcptlpwhslilrpqyeiqaimhmrrtivkipstlevdvedvtasSRHVHFIKPLllsevlawegpfplsmeilerlsdqagedeeeeckeEAESPERVLLPFHFPGSFVE---EMSDSRRYSLADLTAQFSLPCEVKVVAKDTSHP--TDPLTSFLGLRLEEKITEPFLVVSLDSepgmcFEIP--------PRWLDLTVVKAKGQPDLPEGSLP	1,2,3,4,5,6,7,8,9,10,11,12,13,14,15,16,a16-0,a16-1,a16-2,a16-3,a16-4,a16-5,a16-6,a16-7,a16-8,a16-9,17,18,19,20,21,22,23,24,25,26,27,28,29,30,31,32,33,34,35,36,37,38,39,40,41,42,43,44,45,46,47,48,49,50,51,52,53,54,55,56,57,58,59,60,61,62,63,64,65,66,67,68,69,70,71,72,73,74,75,76,77,78,79,80,81,82,83,84,85,86,87,88,89,90,91,92,93,94,95,96,97,98,99,100,101,102,103,104,105,106,107,108,109,110,111,112,113,114,115,116,117,118,119,120,121,122,123,124,125,126,127,128,129,130,131,a131-0,a131-1,132,133,134,135,136,137,138,139,140,141,142,143,144,a144-0,145,146,147,148,149,150,151,a151-0,a151-1,a151-2,a151-3,a151-4,a151-5,a151-6,a151-7,a151-8,a151-9,a151-10,a151-11,a151-12,a151-13,a151-14,a151-15,a151-16,a151-17,a151-18,a151-19,a151-20,a151-21,a151-22,a151-23,a151-24,a151-25,a151-26,a151-27,a151-28,a151-29,a151-30,a151-31,a151-32,a151-33,a151-34,a151-35,a151-36,a151-37,a151-38,a151-39,a151-40,a151-41,a151-42,a151-43,a151-44,a151-45,a151-46,a151-47,a151-48,a151-49,a151-50,a151-51,a151-52,a151-53,a151-54,a151-55,a151-56,a151-57,a151-58,a151-59,a151-60,a151-61,a151-62,a151-63,a151-64,a151-65,a151-66,a151-67,a151-68,a151-69,152,153,154,155,156,157,158,159,160,161,a161-0,a161-1,a161-2,a161-3,a161-4,a161-5,a161-6,a161-7,a161-8,a161-9,a161-10,a161-11,a161-12,a161-13,a161-14,a161-15,a161-16,a161-17,a161-18,a161-19,a161-20,a161-21,a161-22,a161-23,a161-24,a161-25,a161-26,a161-27,a161-28,a161-29,a161-30,a161-31,a161-32,a161-33,a161-34,a161-35,162,163,164,165,166,167,168,169,170,171,172,173,174,175,176,177,178,179,180,181,182,183,184,185,186,187,188,189,190,191,192,193,194,195,196,197,198,199,200,201,202,203,204,205,206,207,208,209,210,211,212,213,214,215,216,217,218,219,220,221,222,223,224,225,226,227,228,229,230,231,232,233,234,235,236,237,238,239,240,241,242,243,244,245,246,a246-0,a246-1,a246-2,a246-3,a246-4,247,248,249,250,251,252,253,254,255,256,257,258,259,260,261,262,263,264,265,266,267,268,269,270,271,272,273,274,275,276,277,278,279,280,281	ENSP00000329862.7	known	GRCh37:1:join(28199083..28199176,28203099..28203239,28206155..28206565,28208482..28208636,28209024..28209554,28211806..28211962,28212378..28212433)	1	ENSG00000130775.11	ENST00000328928.7	protein_coding	protein_coding	16839	THEMIS2	NP_001273042	9473	514	1	281
2	ENSP00000357231.2	PF12736	CABIT	4.599999999999999e-56	187.1	17	265	LPqvvkvtsgeygegs..........LskgdvllihslksakkvvAqeleegrgv.vgpkleIPlsYpGkFkllpeegpFesVeelaksfpekvlakeeipdsvkellgessedlsvenftvkaGeeLtvlgvkeveggkeelasvavgkkltktkkiksvskqkveyLkCl..rnqtgesvlLPlscrGrFseileecedeeeytlreivekfkLPlnVkvvsgdlpredkedll.....aftgelrLesvyeetvvvasllskdipfrklelsidsdlkvevaevtseeakelekll	LPRVLEIQAGIYLEGSiyemfgneccFSTGEVIKITGLKVKK-IIAEICEQIEGCeSLQPFELPMNFPGLFKIVADKTPYLTMEEITRTIHI-------GPSRLGHPCFYHQKDIKLENLIIKQGEQIMLNSVEEIDGEI---------------------------MVSCAvaRNHQTHSFNLPLSQEGEFYE----CEDERIYTLKEIVE-WKIPKNRTRTVNLTDFSNKWDSTnpfpkDFYGTLILKPVYEIQGVMK--------FRKDIIRILPSLDVEVKDIT--DSYDANWFL	1,2,3,4,5,6,7,8,9,10,11,12,13,14,15,16,a16-0,a16-1,a16-2,a16-3,a16-4,a16-5,a16-6,a16-7,a16-8,a16-9,17,18,19,20,21,22,23,24,25,26,27,28,29,30,31,32,33,34,35,36,37,38,39,40,41,42,43,44,45,a45-0,46,47,48,49,50,51,52,53,54,55,56,57,58,59,60,61,62,63,64,65,66,67,68,69,70,71,72,73,74,75,76,77,78,79,80,81,82,83,84,85,86,87,88,89,90,91,92,93,94,95,96,97,98,99,100,101,102,103,104,105,106,107,108,109,110,111,112,113,114,115,116,117,118,119,120,121,122,123,124,125,126,127,128,129,130,131,132,133,134,135,136,137,138,139,140,141,142,143,144,145,146,147,148,149,150,151,152,153,154,155,156,157,158,159,160,161,a161-0,a161-1,162,163,164,165,166,167,168,169,170,171,172,173,174,175,176,177,178,179,180,181,182,183,184,185,186,187,188,189,190,191,192,193,194,195,196,197,198,199,200,201,202,203,204,205,206,207,208,209,210,211,212,213,214,215,216,217,218,219,220,221,222,223,a223-0,a223-1,a223-2,a223-3,a223-4,224,225,226,227,228,229,230,231,232,233,234,235,236,237,238,239,240,241,242,243,244,245,246,247,248,249,250,251,252,253,254,255,256,257,258,259,260,261,262,263,264,265,266,267,268,269,270,271,272,273,274,275,276,277,278,279,280,281	ENSP00000357231.2	known	GRCh37:6:complement(join(128221987..128222077,128176175..128176333,128150621..128151079,128134028..128135076,128040833..128040968,128031130..128031161))	6	ENSG00000172673.6	ENST00000368248.2	protein_coding	protein_coding	21569	THEMIS	NP_001010923	387357	641	1	281
3	ENSP00000357231.2	PF12736	CABIT	3.3e-59	197.6	281	530	LPqvvkvtsgeygegs....LskgdvllihslksakkvvAqeleegrgvvgpkleIPlsYpGkFkllpeegpFesVeelaksfpekvlakeeipdsvkellgessedlsvenftvkaGeeLtvlgvkeveggkeelasvavgkkltkt.kkiksvs....kqkveyLkCl..rnqtgesvlLPlscrGrFseileecedeeeytlreivekfkLPlnVkvvsgdlpredkedllaftgelrLesvyeetvvvaslls.......kdipfrklelsidsdlkvevaevtseeakelekll	FPIVTEVIEAPEGNHLpqsiLQPGKTIVIHKKYQASRILASEIRSNF--PKRHFLIPTSYKGKFKRRPRE--FPTAYDL-------EIAKSE-------------------------KEPLHVVATKAFHSPHDKLSSVSVGDQFLVHqSETTEVLcegiKKVVNVLACEkiLKKSYEAALLPLYMEGGFVE---VIHDKKQYPISELCKQFRLPFNVKVSVRDLSIE--EDVLAATPGLQLEEDITDSYLLISDFAnptecweIPVG--------RLNMTVQLVSNFSRDAEPFLVRT	1,2,3,4,5,6,7,8,9,10,11,12,13,14,15,16,a16-0,a16-1,a16-2,a16-3,17,18,19,20,21,22,23,24,25,26,27,28,29,30,31,32,33,34,35,36,37,38,39,40,41,42,43,44,45,46,47,48,49,50,51,52,53,54,55,56,57,58,59,60,61,62,63,64,65,66,67,68,69,70,71,72,73,74,75,76,77,78,79,80,81,82,83,84,85,86,87,88,89,90,91,92,93,94,95,96,97,98,99,100,101,102,103,104,105,106,107,108,109,110,111,112,113,114,115,116,117,118,119,120,121,122,123,124,125,126,127,128,129,130,131,132,133,134,135,136,137,138,139,140,141,142,143,144,a144-0,145,146,147,148,149,150,151,a151-0,a151-1,a151-2,a151-3,152,153,154,155,156,157,158,159,160,161,a161-0,a161-1,162,163,164,165,166,167,168,169,170,171,172,173,174,175,176,177,178,179,180,181,182,183,184,185,186,187,188,189,190,191,192,193,194,195,196,197,198,199,200,201,202,203,204,205,206,207,208,209,210,211,212,213,214,215,216,217,218,219,220,221,222,223,224,225,226,227,228,229,230,231,232,233,234,235,236,237,238,239,240,241,242,243,244,245,246,a246-0,a246-1,a246-2,a246-3,a246-4,a246-5,a246-6,247,248,249,250,251,252,253,254,255,256,257,258,259,260,261,262,263,264,265,266,267,268,269,270,271,272,273,274,275,276,277,278,279,280,281	ENSP00000357231.2	known	GRCh37:6:complement(join(128221987..128222077,128176175..128176333,128150621..128151079,128134028..128135076,128040833..128040968,128031130..128031161))	6	ENSG00000172673.6	ENST00000368248.2	protein_coding	protein_coding	21569	THEMIS	NP_001010923	387357	641	1	281
4	ENSP00000357233.1	PF12736	CABIT	4.9e-21	70.8	1	186	LPqvvkvtsgeygegsLskgdvllihslksakkvvAqeleegrgvvgpkleIPlsYpGkFkllpeegpFesVeelaksfpekvlakeeipdsvkellgessedlsvenftvkaGeeLtvlgvkeveggkeelasvavgkkltktkkiksvskqkveyLkCl..rnqtgesvlLPlscrGrFseileecedeeeytlreivekfkLPlnVkvvsgdlpredkedll.....aftgelrLesvyeetvvvasllskdipfrklelsidsdlkvevaevtseeakelekll	-----------------------------------------------------MNFPGLFKIVADKTPYLTMEEITRTIHI-------GPSRLGHPCFYHQKDIKLENLIIKQGEQIMLNSVEEIDGEI---------------------------MVSCAvaRNHQTHSFNLPLSQEGEFYE----CEDERIYTLKEIVE-WKIPKNRTRTVNLTDFSNKWDSTnpfpkDFYGTLILKPVYEIQGVMK--------FRKDIIRILPSLDVEVKDIT--DSYDANWFL	1,2,3,4,5,6,7,8,9,10,11,12,13,14,15,16,17,18,19,20,21,22,23,24,25,26,27,28,29,30,31,32,33,34,35,36,37,38,39,40,41,42,43,44,45,46,47,48,49,50,51,52,53,54,55,56,57,58,59,60,61,62,63,64,65,66,67,68,69,70,71,72,73,74,75,76,77,78,79,80,81,82,83,84,85,86,87,88,89,90,91,92,93,94,95,96,97,98,99,100,101,102,103,104,105,106,107,108,109,110,111,112,113,114,115,116,117,118,119,120,121,122,123,124,125,126,127,128,129,130,131,132,133,134,135,136,137,138,139,140,141,142,143,144,145,146,147,148,149,150,151,152,153,154,155,156,157,158,159,160,161,a161-0,a161-1,162,163,164,165,166,167,168,169,170,171,172,173,174,175,176,177,178,179,180,181,182,183,184,185,186,187,188,189,190,191,192,193,194,195,196,197,198,199,200,201,202,203,204,205,206,207,208,209,210,211,212,213,214,215,216,217,218,219,220,221,222,223,a223-0,a223-1,a223-2,a223-3,a223-4,224,225,226,227,228,229,230,231,232,233,234,235,236,237,238,239,240,241,242,243,244,245,246,247,248,249,250,251,252,253,254,255,256,257,258,259,260,261,262,263,264,265,266,267,268,269,270,271,272,273,274,275,276,277,278,279,280,281	ENSP00000357233.1	known	GRCh37:6:complement(join(128176175..128176187,128150621..128151079,128134028..128135076,128040833..128040968,128031130..128031161))	6	ENSG00000172673.6	ENST00000368250.1	protein_coding	protein_coding	21569	THEMIS		387357	562	1	281
5	ENSP00000357233.1	PF12736	CABIT	3.3e-59	197.6	202	451	LPqvvkvtsgeygegs....LskgdvllihslksakkvvAqeleegrgvvgpkleIPlsYpGkFkllpeegpFesVeelaksfpekvlakeeipdsvkellgessedlsvenftvkaGeeLtvlgvkeveggkeelasvavgkkltkt.kkiksvs....kqkveyLkCl..rnqtgesvlLPlscrGrFseileecedeeeytlreivekfkLPlnVkvvsgdlpredkedllaftgelrLesvyeetvvvaslls.......kdipfrklelsidsdlkvevaevtseeakelekll	FPIVTEVIEAPEGNHLpqsiLQPGKTIVIHKKYQASRILASEIRSNF--PKRHFLIPTSYKGKFKRRPRE--FPTAYDL-------EIAKSE-------------------------KEPLHVVATKAFHSPHDKLSSVSVGDQFLVHqSETTEVLcegiKKVVNVLACEkiLKKSYEAALLPLYMEGGFVE---VIHDKKQYPISELCKQFRLPFNVKVSVRDLSIE--EDVLAATPGLQLEEDITDSYLLISDFAnptecweIPVG--------RLNMTVQLVSNFSRDAEPFLVRT	1,2,3,4,5,6,7,8,9,10,11,12,13,14,15,16,a16-0,a16-1,a16-2,a16-3,17,18,19,20,21,22,23,24,25,26,27,28,29,30,31,32,33,34,35,36,37,38,39,40,41,42,43,44,45,46,47,48,49,50,51,52,53,54,55,56,57,58,59,60,61,62,63,64,65,66,67,68,69,70,71,72,73,74,75,76,77,78,79,80,81,82,83,84,85,86,87,88,89,90,91,92,93,94,95,96,97,98,99,100,101,102,103,104,105,106,107,108,109,110,111,112,113,114,115,116,117,118,119,120,121,122,123,124,125,126,127,128,129,130,131,132,133,134,135,136,137,138,139,140,141,142,143,144,a144-0,145,146,147,148,149,150,151,a151-0,a151-1,a151-2,a151-3,152,153,154,155,156,157,158,159,160,161,a161-0,a161-1,162,163,164,165,166,167,168,169,170,171,172,173,174,175,176,177,178,179,180,181,182,183,184,185,186,187,188,189,190,191,192,193,194,195,196,197,198,199,200,201,202,203,204,205,206,207,208,209,210,211,212,213,214,215,216,217,218,219,220,221,222,223,224,225,226,227,228,229,230,231,232,233,234,235,236,237,238,239,240,241,242,243,244,245,246,a246-0,a246-1,a246-2,a246-3,a246-4,a246-5,a246-6,247,248,249,250,251,252,253,254,255,256,257,258,259,260,261,262,263,264,265,266,267,268,269,270,271,272,273,274,275,276,277,278,279,280,281	ENSP00000357233.1	known	GRCh37:6:complement(join(128176175..128176187,128150621..128151079,128134028..128135076,128040833..128040968,128031130..128031161))	6	ENSG00000172673.6	ENST00000368250.1	protein_coding	protein_coding	21569	THEMIS		387357	562	1	281
6	ENSP00000363031.3	PF12736	CABIT	2.8e-15	51.6	18	244	LPqvvkvtsgeygegs..........LskgdvllihslksakkvvAqeleegrgvvgpkleIPlsYpGkFkllpeegpFesVeelaksfpekvlakeeipdsvkellgessedlsvenftvkaGeeLtvlgvkeveggkeelasvavgkkltktkkiksvskqkveyLkCl..rnqtgesvlLPlscrGrFseileecedeeeytlreivekfkLPlnVkvvsgdlpredkedllaftgelrLesvyeetvvvasllskdipfrklelsidsdlkvevaevtseeakelekll	LPRVLRVCSGVYFEGSiyeisgneccLSTGDLIKVTQVRLQK-VVCENPK-----TSQTMELAPNFQGYFTPLNTPQSYETLEEL-------VSATTQ-SSKQLPTCFMSTHRIVTEGRVVTEDQLLMLEAVVMHLGIR---------------------------SARCVlgMEGQQVILHLPLSQKGPFWT----WEPSAPRTLLQVLQ-DPALKDLVLTCPTLPW----------HSLILRPQYEIQAIMH--------MRRTIVKIPSTLEVDVEDVT--ASSRHVHFI	1,2,3,4,5,6,7,8,9,10,11,12,13,14,15,16,a16-0,a16-1,a16-2,a16-3,a16-4,a16-5,a16-6,a16-7,a16-8,a16-9,17,18,19,20,21,22,23,24,25,26,27,28,29,30,31,32,33,34,35,36,37,38,39,40,41,42,43,44,45,46,47,48,49,50,51,52,53,54,55,56,57,58,59,60,61,62,63,64,65,66,67,68,69,70,71,72,73,74,75,76,77,78,79,80,81,82,83,84,85,86,87,88,89,90,91,92,93,94,95,96,97,98,99,100,101,102,103,104,105,106,107,108,109,110,111,112,113,114,115,116,117,118,119,120,121,122,123,124,125,126,127,128,129,130,131,132,133,134,135,136,137,138,139,140,141,142,143,144,145,146,147,148,149,150,151,152,153,154,155,156,157,158,159,160,161,a161-0,a161-1,162,163,164,165,166,167,168,169,170,171,172,173,174,175,176,177,178,179,180,181,182,183,184,185,186,187,188,189,190,191,192,193,194,195,196,197,198,199,200,201,202,203,204,205,206,207,208,209,210,211,212,213,214,215,216,217,218,219,220,221,222,223,224,225,226,227,228,229,230,231,232,233,234,235,236,237,238,239,240,241,242,243,244,245,246,247,248,249,250,251,252,253,254,255,256,257,258,259,260,261,262,263,264,265,266,267,268,269,270,271,272,273,274,275,276,277,278,279,280,281	ENSP00000363031.3	known	GRCh37:1:join(28199083..28199176,28203099..28203239,28206155..28206565,28208482..28209554,28211806..28211962,28212378..28212433)	1	ENSG00000130775.11	ENST00000373921.3	protein_coding	protein_coding	16839	THEMIS2	NP_001099026	9473	643	1	281
7	ENSP00000363031.3	PF12736	CABIT	1.1999999999999999e-43	146.0	268	524	LPqvvkvtsgeygegsLskgdvllihslksak.kvvAqeleegrgvvgpkleIPlsYpGkFkllpeegpFesVeelaksfpekvlakeeipdsvkellgessedlsvenftvkaGeeLtvlgvkeveggkee...lasvavgkkltkt.kkiksvs.kqkveyLkCl................rnqtgesvlLPlscrGrFseileecedeeeytlreivekfkLPlnVkvvsgdlpredkedllaftgelrLesvyeetvvvaslls.....kdipfrklelsidsdlkvevaevtseeakelekll	VPEGRPIFLSPWVGS-LQKGQRLCVYGLASPPwRVLASSKGRK---VPRHFLVSGGYQGKLRRRPRE--FPTAYDL-------LGAFQP-------------------------GRPLRVVATKDCEGEREEnpeFTSLAVGDRLEVLgPGQAHGAqGSDVDVLVCQrlsdqagedeeeeckeEAESPERVLLPFHFPGSFVE---EMSDSRRYSLADLTAQFSLPCEVKVVAKDTSHP--TDPLTSFLGLRLEEKITEPFLVVSLDSepgmcFEIP--------PRWLDLTVVKAKGQPDLPEGSLP	1,2,3,4,5,6,7,8,9,10,11,12,13,14,15,16,17,18,19,20,21,22,23,24,25,26,27,28,29,30,31,32,a32-0,33,34,35,36,37,38,39,40,41,42,43,44,45,46,47,48,49,50,51,52,53,54,55,56,57,58,59,60,61,62,63,64,65,66,67,68,69,70,71,72,73,74,75,76,77,78,79,80,81,82,83,84,85,86,87,88,89,90,91,92,93,94,95,96,97,98,99,100,101,102,103,104,105,106,107,108,109,110,111,112,113,114,115,116,117,118,119,120,121,122,123,124,125,126,127,128,129,130,131,a131-0,a131-1,a131-2,132,133,134,135,136,137,138,139,140,141,142,143,144,a144-0,145,146,147,148,149,150,151,a151-0,152,153,154,155,156,157,158,159,160,161,a161-0,a161-1,a161-2,a161-3,a161-4,a161-5,a161-6,a161-7,a161-8,a161-9,a161-10,a161-11,a161-12,a161-13,a161-14,a161-15,162,163,164,165,166,167,168,169,170,171,172,173,174,175,176,177,178,179,180,181,182,183,184,185,186,187,188,189,190,191,192,193,194,195,196,197,198,199,200,201,202,203,204,205,206,207,208,209,210,211,212,213,214,215,216,217,218,219,220,221,222,223,224,225,226,227,228,229,230,231,232,233,234,235,236,237,238,239,240,241,242,243,244,245,246,a246-0,a246-1,a246-2,a246-3,a246-4,247,248,249,250,251,252,253,254,255,256,257,258,259,260,261,262,263,264,265,266,267,268,269,270,271,272,273,274,275,276,277,278,279,280,281	ENSP00000363031.3	known	GRCh37:1:join(28199083..28199176,28203099..28203239,28206155..28206565,28208482..28209554,28211806..28211962,28212378..28212433)	1	ENSG00000130775.11	ENST00000373921.3	protein_coding	protein_coding	16839	THEMIS2	NP_001099026	9473	643	1	281
8	ENSP00000363035.1	PF12736	CABIT	1.3999999999999998e-10	36.1	18	239	LPqvvkvtsgeygegs..........LskgdvllihslksakkvvAqeleegrgvvgpkleIPlsYpGkFkllpeegpFesVeelaksfpekvlakeeipdsvkellgessedlsvenftvkaGeeLtvlgvkeveggkeelasvavgkkltktkkiksvskqkveyLkCl..rnqtgesvlLPlscrGrFseileecedeeeytlreivekfkLPlnVkvvsgdlpredkedllaftgelrLesvyeetvvvasllskdipfrklelsidsdlkvevaevtseeakelekll	LPRVLRVCSGVYFEGSiyeisgneccLSTGDLIKVTQVRLQK-VVCENPK-----TSQTMELAPNFQGYFTPLNTPQSYETLEEL-------VSATTQ-SSKQLPTCFMSTHRIVTEGRVVTEDQLLMLEAVVMHLGIR---------------------------SARCVlgMEGQQVILHLPLSQKGPFWT----WEPSAPRTLLQVLQ-DPALKDLVLTCPTLPW----------HSLILRPQYEIQAIMH---------------IFSSLRIAATRSAAQTQGEDLARV	1,2,3,4,5,6,7,8,9,10,11,12,13,14,15,16,a16-0,a16-1,a16-2,a16-3,a16-4,a16-5,a16-6,a16-7,a16-8,a16-9,17,18,19,20,21,22,23,24,25,26,27,28,29,30,31,32,33,34,35,36,37,38,39,40,41,42,43,44,45,46,47,48,49,50,51,52,53,54,55,56,57,58,59,60,61,62,63,64,65,66,67,68,69,70,71,72,73,74,75,76,77,78,79,80,81,82,83,84,85,86,87,88,89,90,91,92,93,94,95,96,97,98,99,100,101,102,103,104,105,106,107,108,109,110,111,112,113,114,115,116,117,118,119,120,121,122,123,124,125,126,127,128,129,130,131,132,133,134,135,136,137,138,139,140,141,142,143,144,145,146,147,148,149,150,151,152,153,154,155,156,157,158,159,160,161,a161-0,a161-1,162,163,164,165,166,167,168,169,170,171,172,173,174,175,176,177,178,179,180,181,182,183,184,185,186,187,188,189,190,191,192,193,194,195,196,197,198,199,200,201,202,203,204,205,206,207,208,209,210,211,212,213,214,215,216,217,218,219,220,221,222,223,224,225,226,227,228,229,230,231,232,233,234,235,236,237,238,239,240,241,242,243,244,245,246,247,248,249,250,251,252,253,254,255,256,257,258,259,260,261,262,263,264,265,266,267,268,269,270,271,272,273,274,275,276,277,278,279,280,281	ENSP00000363035.1	known	GRCh37:1:join(28199083..28199176,28203099..28203239,28206155..28206565,28211806..28211942)	1	ENSG00000130775.11	ENST00000373925.1	protein_coding	protein_coding	16839	THEMIS2	NP_004839	9473	260	1	281
9	ENSP00000382165.3	PF12736	CABIT	1.0999999999999997e-81	272.3	32	323	LPqvvkvtsgeygegsLskgdvllihslksakkvvAqeleegrgvvgpkleIPlsYpGkFkllpeegp.......FesVeelaksfpekvlakeeipdsvkellgessedlsvenftvkaGeeLtvlgvkeveggkee...lasvavgkkltktkkiksvskqkveyLkClrnqtgesvlLPlscrGrFsei..leecedeeeytlreivekfkLPlnVkvvsgdlpredk.edllaftgelrLesvyeetvvvasllskdipfrklelsidsdl...kvevaevtseeakelekll	LPQIARLDNGECVEG-LRENDYLLIHSCRQWTTITAHSLEEGHYVIGPKIEIPVHYAGQFKLLEQDRDikepvqyFNSVEEVAKAFPERVYVMEDITFNVKVASGECNEDTEVYNITLCTGDELTLMGQAEILYAKTFkekSRLNTIFKKIGKLNSISKLGKGKMPCLICMNHRTNESISLPFQCKGRFSTRspLELQMQEGEHTIRNIVEKTRLPVNVTVPSPP-PRNPYdLHFIREGHRYKFVNIQTKTVVVCCVL---RNNKILPMHFPLHLtvpKFSLPEHLVKGESWPETLV	1,2,3,4,5,6,7,8,9,10,11,12,13,14,15,16,17,18,19,20,21,22,23,24,25,26,27,28,29,30,31,32,33,34,35,36,37,38,39,40,41,42,43,44,45,46,47,48,49,50,51,52,53,54,55,56,57,58,59,60,61,62,63,64,65,66,67,68,a68-0,a68-1,a68-2,a68-3,a68-4,a68-5,a68-6,69,70,71,72,73,74,75,76,77,78,79,80,81,82,83,84,85,86,87,88,89,90,91,92,93,94,95,96,97,98,99,100,101,102,103,104,105,106,107,108,109,110,111,112,113,114,115,116,117,118,119,120,121,122,123,124,125,126,127,128,129,130,131,a131-0,a131-1,a131-2,132,133,134,135,136,137,138,139,140,141,142,143,144,145,146,147,148,149,150,151,152,153,154,155,156,157,158,159,160,161,162,163,164,165,166,167,168,169,170,171,172,173,174,175,176,177,178,179,180,181,182,a182-0,a182-1,183,184,185,186,187,188,189,190,191,192,193,194,195,196,197,198,199,200,201,202,203,204,205,206,207,208,209,210,211,212,213,214,215,216,217,218,219,a219-0,220,221,222,223,224,225,226,227,228,229,230,231,232,233,234,235,236,237,238,239,240,241,242,243,244,245,246,247,248,249,250,251,252,253,254,255,256,257,258,259,260,261,262,a262-0,a262-1,a262-2,263,264,265,266,267,268,269,270,271,272,273,274,275,276,277,278,279,280,281	ENSP00000382165.3	known	GRCh37:18:complement(join(30050271..30050391,29972858..29972998,29890156..29890286,29866994..29868166,29850180..29850346,29847834..29848728))	18	ENSG00000141441.11	ENST00000399218.4	protein_coding	protein_coding	26136	GAREM	NP_073588	64762	875	1	281
10	ENSP00000384581.1	PF12736	CABIT	7.5e-39	130.0	1	264	LPqvvkvtsgeygegsLskgdvllihslksakkvvAqeleegrgvvgpkleIPlsYpGkFkllpeegpFesVeelaksfpekvlakeeipdsvkellgessedlsvenftvkaGeeLtvlgvkeveggkee...lasvavgkkltktkkiksvs.....................kqkveyLkClrnqtgesvlLPlscrGrFsei..leecedeeeytlreivekfkLPlnVkvvsgdlpredk.edllaftgelrLesvyeetvvvasllskdipfrklelsidsdlkvevaevtseeakelekll	-------MHRMPDPG--------KFKLLEQAR-----DVREPV---------------------RY--FSSVEEVASVFPDRIFVMEAITFSVKVVSGEFSEDSEVYNFTLHAGDELTLMGQAEILCAKTTkerSRFTTLLRKLGRAGALAGVGgggpasagaaggtggggarpvKGKMPCLICMNHRTNESLSLPFQCQGRFSTRspLELQMQEGEHTVRAIIERVRLPVNVLVPSRP-PRNPYdLHPVREGHCYKLVSIISKTVVLGLALRREGPAPLHFLLLTDTPRFALPQGLLAGDPRVERLV	1,2,3,4,5,6,7,8,9,10,11,12,13,14,15,16,17,18,19,20,21,22,23,24,25,26,27,28,29,30,31,32,33,34,35,36,37,38,39,40,41,42,43,44,45,46,47,48,49,50,51,52,53,54,55,56,57,58,59,60,61,62,63,64,65,66,67,68,69,70,71,72,73,74,75,76,77,78,79,80,81,82,83,84,85,86,87,88,89,90,91,92,93,94,95,96,97,98,99,100,101,102,103,104,105,106,107,108,109,110,111,112,113,114,115,116,117,118,119,120,121,122,123,124,125,126,127,128,129,130,131,a131-0,a131-1,a131-2,132,133,134,135,136,137,138,139,140,141,142,143,144,145,146,147,148,149,150,151,a151-0,a151-1,a151-2,a151-3,a151-4,a151-5,a151-6,a151-7,a151-8,a151-9,a151-10,a151-11,a151-12,a151-13,a151-14,a151-15,a151-16,a151-17,a151-18,a151-19,a151-20,152,153,154,155,156,157,158,159,160,161,162,163,164,165,166,167,168,169,170,171,172,173,174,175,176,177,178,179,180,181,182,a182-0,a182-1,183,184,185,186,187,188,189,190,191,192,193,194,195,196,197,198,199,200,201,202,203,204,205,206,207,208,209,210,211,212,213,214,215,216,217,218,219,a219-0,220,221,222,223,224,225,226,227,228,229,230,231,232,233,234,235,236,237,238,239,240,241,242,243,244,245,246,247,248,249,250,251,252,253,254,255,256,257,258,259,260,261,262,263,264,265,266,267,268,269,270,271,272,273,274,275,276,277,278,279,280,281	ENSP00000384581.1	known	GRCh37:2:join(26405341..26405362,26405836..26405966,26407102..26408145,26409058..26409227,26410100..26410184,26410584..26411126)	2	ENSG00000157833.8	ENST00000407684.1	protein_coding	protein_coding	27172	GAREML	NP_001177962	150946	664	1	281
11	ENSP00000384593.1	PF12736	CABIT	4.999999999999999e-84	280.0	29	341	LPqvvkvtsgeygegsLskgdvllihslksakkvvAqeleegrgvvgpkleIPlsYpGkFkllpeegp.......FesVeelaksfpekvlakeeipdsvkellgessedlsvenftvkaGeeLtvlgvkeveggkee...lasvavgkkltktkkiksvs.....................kqkveyLkClrnqtgesvlLPlscrGrFsei..leecedeeeytlreivekfkLPlnVkvvsgdlpredk.edllaftgelrLesvyeetvvvasllskdipfrklelsidsdlkvevaevtseeakelekll	LPTLACLGPGEYAEG-VSERDILLIHSCRQWTTVTAHTLEEGHYVIGPKIDIPLQYPGKFKLLEQARDvrepvryFSSVEEVASVFPDRIFVMEAITFSVKVVSGEFSEDSEVYNFTLHAGDELTLMGQAEILCAKTTkerSRFTTLLRKLGRAGALAGVGgggpasagaaggtggggarpvKGKMPCLICMNHRTNESLSLPFQCQGRFSTRspLELQMQEGEHTVRAIIERVRLPVNVLVPSRP-PRNPYdLHPVREGHCYKLVSIISKTVVLGLALRREGPAPLHFLLLTDTPRFALPQGLLAGDPRVERLV	1,2,3,4,5,6,7,8,9,10,11,12,13,14,15,16,17,18,19,20,21,22,23,24,25,26,27,28,29,30,31,32,33,34,35,36,37,38,39,40,41,42,43,44,45,46,47,48,49,50,51,52,53,54,55,56,57,58,59,60,61,62,63,64,65,66,67,68,a68-0,a68-1,a68-2,a68-3,a68-4,a68-5,a68-6,69,70,71,72,73,74,75,76,77,78,79,80,81,82,83,84,85,86,87,88,89,90,91,92,93,94,95,96,97,98,99,100,101,102,103,104,105,106,107,108,109,110,111,112,113,114,115,116,117,118,119,120,121,122,123,124,125,126,127,128,129,130,131,a131-0,a131-1,a131-2,132,133,134,135,136,137,138,139,140,141,142,143,144,145,146,147,148,149,150,151,a151-0,a151-1,a151-2,a151-3,a151-4,a151-5,a151-6,a151-7,a151-8,a151-9,a151-10,a151-11,a151-12,a151-13,a151-14,a151-15,a151-16,a151-17,a151-18,a151-19,a151-20,152,153,154,155,156,157,158,159,160,161,162,163,164,165,166,167,168,169,170,171,172,173,174,175,176,177,178,179,180,181,182,a182-0,a182-1,183,184,185,186,187,188,189,190,191,192,193,194,195,196,197,198,199,200,201,202,203,204,205,206,207,208,209,210,211,212,213,214,215,216,217,218,219,a219-0,220,221,222,223,224,225,226,227,228,229,230,231,232,233,234,235,236,237,238,239,240,241,242,243,244,245,246,247,248,249,250,251,252,253,254,255,256,257,258,259,260,261,262,263,264,265,266,267,268,269,270,271,272,273,274,275,276,277,278,279,280,281	ENSP00000384593.1	known	GRCh37:2:join(26396090..26396201,26399213..26399353,26405836..26405966,26407102..26408145,26409058..26409227,26410100..26411126)	2	ENSG00000157833.8	ENST00000401533.2	protein_coding	protein_coding	27172	GAREML	NP_001161713	150946	874	1	281
12	ENSP00000398049.1	PF12736	CABIT	1.5e-09	32.6	4	272	LPqvvkvtsgeygegs...LskgdvllihslksakkvvAqeleegrgvvgpkleIPlsYpGkFkllpeegp........FesVeel...aksfpek.vlakeeipdsvkellgessedlsve.nftvkaGeeLtvlgvkeveggkeelasvavgkkltkt.kkiksvskqkveyLkCl.rnqtgesvlLPlscrGrFseileecedeeeytlreivekfkLPlnVkvvsgdlpredkedllaftgelrLesvyeetvvvaslls.....kdipfrklelsidsdlkvevaevtseeakelekll	FMSTHRIVTEGRVVTEdqlLMLEAVVMHLGIRSARCVLGMEGQQVI------LHLPLSQKGPFWTWEPSAPrtllqvlqDPALKDLvltCPTLPWHsLILRPQ--YEIQAIMHMRRTIVKIPsTLEVDVED--VTASSRHVHFIKPLLLSERLSDQAGEDeEE------------ECKeEAESPERVLLPFHFPGSFVE---EMSDSRRYSLADLTAQFSLPCEVKVVAKDTSHP--TDPLTSFLGLRLEEKITEPFLVVSLDSepgmcFEIP--------PRWLDLTVVKAKGQPDLPEGSLP	1,2,3,4,5,6,7,8,9,10,11,12,13,14,15,16,a16-0,a16-1,a16-2,17,18,19,20,21,22,23,24,25,26,27,28,29,30,31,32,33,34,35,36,37,38,39,40,41,42,43,44,45,46,47,48,49,50,51,52,53,54,55,56,57,58,59,60,61,62,63,64,65,66,67,68,a68-0,a68-1,a68-2,a68-3,a68-4,a68-5,a68-6,a68-7,69,70,71,72,73,74,75,a75-0,a75-1,a75-2,76,77,78,79,80,81,82,a82-0,83,84,85,86,87,88,89,90,91,92,93,94,95,96,97,98,99,100,101,102,103,104,105,106,107,a107-0,108,109,110,111,112,113,114,115,116,117,118,119,120,121,122,123,124,125,126,127,128,129,130,131,132,133,134,135,136,137,138,139,140,141,142,143,144,a144-0,145,146,147,148,149,150,151,152,153,154,155,156,157,158,159,160,161,a161-0,162,163,164,165,166,167,168,169,170,171,172,173,174,175,176,177,178,179,180,181,182,183,184,185,186,187,188,189,190,191,192,193,194,195,196,197,198,199,200,201,202,203,204,205,206,207,208,209,210,211,212,213,214,215,216,217,218,219,220,221,222,223,224,225,226,227,228,229,230,231,232,233,234,235,236,237,238,239,240,241,242,243,244,245,246,a246-0,a246-1,a246-2,a246-3,a246-4,247,248,249,250,251,252,253,254,255,256,257,258,259,260,261,262,263,264,265,266,267,268,269,270,271,272,273,274,275,276,277,278,279,280,281	ENSP00000398049.1	known	GRCh37:1:join(-1..-1,28206242..28206565,28208482..28208588,28209024..28209554,28211806..28211962,28212378..28212433)	1	ENSG00000130775.11	ENST00000456990.1	protein_coding	protein_coding	16839	THEMIS2		9473	391	1	281
13	ENSP00000439594.1	PF12736	CABIT	4.599999999999999e-56	187.1	17	265	LPqvvkvtsgeygegs..........LskgdvllihslksakkvvAqeleegrgv.vgpkleIPlsYpGkFkllpeegpFesVeelaksfpekvlakeeipdsvkellgessedlsvenftvkaGeeLtvlgvkeveggkeelasvavgkkltktkkiksvskqkveyLkCl..rnqtgesvlLPlscrGrFseileecedeeeytlreivekfkLPlnVkvvsgdlpredkedll.....aftgelrLesvyeetvvvasllskdipfrklelsidsdlkvevaevtseeakelekll	LPRVLEIQAGIYLEGSiyemfgneccFSTGEVIKITGLKVKK-IIAEICEQIEGCeSLQPFELPMNFPGLFKIVADKTPYLTMEEITRTIHI-------GPSRLGHPCFYHQKDIKLENLIIKQGEQIMLNSVEEIDGEI---------------------------MVSCAvaRNHQTHSFNLPLSQEGEFYE----CEDERIYTLKEIVE-WKIPKNRTRTVNLTDFSNKWDSTnpfpkDFYGTLILKPVYEIQGVMK--------FRKDIIRILPSLDVEVKDIT--DSYDANWFL	1,2,3,4,5,6,7,8,9,10,11,12,13,14,15,16,a16-0,a16-1,a16-2,a16-3,a16-4,a16-5,a16-6,a16-7,a16-8,a16-9,17,18,19,20,21,22,23,24,25,26,27,28,29,30,31,32,33,34,35,36,37,38,39,40,41,42,43,44,45,a45-0,46,47,48,49,50,51,52,53,54,55,56,57,58,59,60,61,62,63,64,65,66,67,68,69,70,71,72,73,74,75,76,77,78,79,80,81,82,83,84,85,86,87,88,89,90,91,92,93,94,95,96,97,98,99,100,101,102,103,104,105,106,107,108,109,110,111,112,113,114,115,116,117,118,119,120,121,122,123,124,125,126,127,128,129,130,131,132,133,134,135,136,137,138,139,140,141,142,143,144,145,146,147,148,149,150,151,152,153,154,155,156,157,158,159,160,161,a161-0,a161-1,162,163,164,165,166,167,168,169,170,171,172,173,174,175,176,177,178,179,180,181,182,183,184,185,186,187,188,189,190,191,192,193,194,195,196,197,198,199,200,201,202,203,204,205,206,207,208,209,210,211,212,213,214,215,216,217,218,219,220,221,222,223,a223-0,a223-1,a223-2,a223-3,a223-4,224,225,226,227,228,229,230,231,232,233,234,235,236,237,238,239,240,241,242,243,244,245,246,247,248,249,250,251,252,253,254,255,256,257,258,259,260,261,262,263,264,265,266,267,268,269,270,271,272,273,274,275,276,277,278,279,280,281	ENSP00000439594.1	known	GRCh37:6:complement(join(128221987..128222077,128176175..128176333,128150621..128151079,128134028..128135076,128128361..128128477,128040833..128040968,128031130..128031161))	6	ENSG00000172673.6	ENST00000543064.1	protein_coding	protein_coding	21569	THEMIS	NP_001158157	387357	680	1	281
14	ENSP00000439594.1	PF12736	CABIT	3.3e-59	197.6	281	530	LPqvvkvtsgeygegs....LskgdvllihslksakkvvAqeleegrgvvgpkleIPlsYpGkFkllpeegpFesVeelaksfpekvlakeeipdsvkellgessedlsvenftvkaGeeLtvlgvkeveggkeelasvavgkkltkt.kkiksvs....kqkveyLkCl..rnqtgesvlLPlscrGrFseileecedeeeytlreivekfkLPlnVkvvsgdlpredkedllaftgelrLesvyeetvvvaslls.......kdipfrklelsidsdlkvevaevtseeakelekll	FPIVTEVIEAPEGNHLpqsiLQPGKTIVIHKKYQASRILASEIRSNF--PKRHFLIPTSYKGKFKRRPRE--FPTAYDL-------EIAKSE-------------------------KEPLHVVATKAFHSPHDKLSSVSVGDQFLVHqSETTEVLcegiKKVVNVLACEkiLKKSYEAALLPLYMEGGFVE---VIHDKKQYPISELCKQFRLPFNVKVSVRDLSIE--EDVLAATPGLQLEEDITDSYLLISDFAnptecweIPVG--------RLNMTVQLVSNFSRDAEPFLVRT	1,2,3,4,5,6,7,8,9,10,11,12,13,14,15,16,a16-0,a16-1,a16-2,a16-3,17,18,19,20,21,22,23,24,25,26,27,28,29,30,31,32,33,34,35,36,37,38,39,40,41,42,43,44,45,46,47,48,49,50,51,52,53,54,55,56,57,58,59,60,61,62,63,64,65,66,67,68,69,70,71,72,73,74,75,76,77,78,79,80,81,82,83,84,85,86,87,88,89,90,91,92,93,94,95,96,97,98,99,100,101,102,103,104,105,106,107,108,109,110,111,112,113,114,115,116,117,118,119,120,121,122,123,124,125,126,127,128,129,130,131,132,133,134,135,136,137,138,139,140,141,142,143,144,a144-0,145,146,147,148,149,150,151,a151-0,a151-1,a151-2,a151-3,152,153,154,155,156,157,158,159,160,161,a161-0,a161-1,162,163,164,165,166,167,168,169,170,171,172,173,174,175,176,177,178,179,180,181,182,183,184,185,186,187,188,189,190,191,192,193,194,195,196,197,198,199,200,201,202,203,204,205,206,207,208,209,210,211,212,213,214,215,216,217,218,219,220,221,222,223,224,225,226,227,228,229,230,231,232,233,234,235,236,237,238,239,240,241,242,243,244,245,246,a246-0,a246-1,a246-2,a246-3,a246-4,a246-5,a246-6,247,248,249,250,251,252,253,254,255,256,257,258,259,260,261,262,263,264,265,266,267,268,269,270,271,272,273,274,275,276,277,278,279,280,281	ENSP00000439594.1	known	GRCh37:6:complement(join(128221987..128222077,128176175..128176333,128150621..128151079,128134028..128135076,128128361..128128477,128040833..128040968,128031130..128031161))	6	ENSG00000172673.6	ENST00000543064.1	protein_coding	protein_coding	21569	THEMIS	NP_001158157	387357	680	1	281
15	ENSP00000439863.1	PF12736	CABIT	2.3999999999999997e-46	154.9	1	230	LPqvvkvtsgeygegsLskgdvllihslksakkvvAqeleegrgv.vgpkleIPlsYpGkFkllpeegpFesVeelaksfpekvlakeeipdsvkellgessedlsvenftvkaGeeLtvlgvkeveggkeelasvavgkkltktkkiksvskqkveyLkCl..rnqtgesvlLPlscrGrFseileecedeeeytlreivekfkLPlnVkvvsgdlpredkedll.....aftgelrLesvyeetvvvasllskdipfrklelsidsdlkvevaevtseeakelekll	-------MFGNECC--FSTGEVIKITGLKVKK-IIAEICEQIEGCeSLQPFELPMNFPGLFKIVADKTPYLTMEEITRTIHI-------GPSRLGHPCFYHQKDIKLENLIIKQGEQIMLNSVEEIDGEI---------------------------MVSCAvaRNHQTHSFNLPLSQEGEFYE----CEDERIYTLKEIVE-WKIPKNRTRTVNLTDFSNKWDSTnpfpkDFYGTLILKPVYEIQGVMK--------FRKDIIRILPSLDVEVKDIT--DSYDANWFL	1,2,3,4,5,6,7,8,9,10,11,12,13,14,15,16,17,18,19,20,21,22,23,24,25,26,27,28,29,30,31,32,33,34,35,36,37,38,39,40,41,42,43,44,45,a45-0,46,47,48,49,50,51,52,53,54,55,56,57,58,59,60,61,62,63,64,65,66,67,68,69,70,71,72,73,74,75,76,77,78,79,80,81,82,83,84,85,86,87,88,89,90,91,92,93,94,95,96,97,98,99,100,101,102,103,104,105,106,107,108,109,110,111,112,113,114,115,116,117,118,119,120,121,122,123,124,125,126,127,128,129,130,131,132,133,134,135,136,137,138,139,140,141,142,143,144,145,146,147,148,149,150,151,152,153,154,155,156,157,158,159,160,161,a161-0,a161-1,162,163,164,165,166,167,168,169,170,171,172,173,174,175,176,177,178,179,180,181,182,183,184,185,186,187,188,189,190,191,192,193,194,195,196,197,198,199,200,201,202,203,204,205,206,207,208,209,210,211,212,213,214,215,216,217,218,219,220,221,222,223,a223-0,a223-1,a223-2,a223-3,a223-4,224,225,226,227,228,229,230,231,232,233,234,235,236,237,238,239,240,241,242,243,244,245,246,247,248,249,250,251,252,253,254,255,256,257,258,259,260,261,262,263,264,265,266,267,268,269,270,271,272,273,274,275,276,277,278,279,280,281	ENSP00000439863.1	known	GRCh37:6:complement(join(128176175..128176319,128150621..128151079,128134028..128135076,128040833..128040968,128031130..128031161))	6	ENSG00000172673.6	ENST00000537166.1	protein_coding	protein_coding	21569	THEMIS	NP_001158159	387357	606	1	281
16	ENSP00000439863.1	PF12736	CABIT	3.3e-59	197.6	246	495	LPqvvkvtsgeygegs....LskgdvllihslksakkvvAqeleegrgvvgpkleIPlsYpGkFkllpeegpFesVeelaksfpekvlakeeipdsvkellgessedlsvenftvkaGeeLtvlgvkeveggkeelasvavgkkltkt.kkiksvs....kqkveyLkCl..rnqtgesvlLPlscrGrFseileecedeeeytlreivekfkLPlnVkvvsgdlpredkedllaftgelrLesvyeetvvvaslls.......kdipfrklelsidsdlkvevaevtseeakelekll	FPIVTEVIEAPEGNHLpqsiLQPGKTIVIHKKYQASRILASEIRSNF--PKRHFLIPTSYKGKFKRRPRE--FPTAYDL-------EIAKSE-------------------------KEPLHVVATKAFHSPHDKLSSVSVGDQFLVHqSETTEVLcegiKKVVNVLACEkiLKKSYEAALLPLYMEGGFVE---VIHDKKQYPISELCKQFRLPFNVKVSVRDLSIE--EDVLAATPGLQLEEDITDSYLLISDFAnptecweIPVG--------RLNMTVQLVSNFSRDAEPFLVRT	1,2,3,4,5,6,7,8,9,10,11,12,13,14,15,16,a16-0,a16-1,a16-2,a16-3,17,18,19,20,21,22,23,24,25,26,27,28,29,30,31,32,33,34,35,36,37,38,39,40,41,42,43,44,45,46,47,48,49,50,51,52,53,54,55,56,57,58,59,60,61,62,63,64,65,66,67,68,69,70,71,72,73,74,75,76,77,78,79,80,81,82,83,84,85,86,87,88,89,90,91,92,93,94,95,96,97,98,99,100,101,102,103,104,105,106,107,108,109,110,111,112,113,114,115,116,117,118,119,120,121,122,123,124,125,126,127,128,129,130,131,132,133,134,135,136,137,138,139,140,141,142,143,144,a144-0,145,146,147,148,149,150,151,a151-0,a151-1,a151-2,a151-3,152,153,154,155,156,157,158,159,160,161,a161-0,a161-1,162,163,164,165,166,167,168,169,170,171,172,173,174,175,176,177,178,179,180,181,182,183,184,185,186,187,188,189,190,191,192,193,194,195,196,197,198,199,200,201,202,203,204,205,206,207,208,209,210,211,212,213,214,215,216,217,218,219,220,221,222,223,224,225,226,227,228,229,230,231,232,233,234,235,236,237,238,239,240,241,242,243,244,245,246,a246-0,a246-1,a246-2,a246-3,a246-4,a246-5,a246-6,247,248,249,250,251,252,253,254,255,256,257,258,259,260,261,262,263,264,265,266,267,268,269,270,271,272,273,274,275,276,277,278,279,280,281	ENSP00000439863.1	known	GRCh37:6:complement(join(128176175..128176319,128150621..128151079,128134028..128135076,128040833..128040968,128031130..128031161))	6	ENSG00000172673.6	ENST00000537166.1	protein_coding	protein_coding	21569	THEMIS	NP_001158159	387357	606	1	281
