	#TargetID	pfam_id	domain_name	E-value	BitScore	TargetStart	TargetEnd	HMM_Seq	Target_Seq	HMM_Pos	prot	pep	chromosome	chrom_num	gene	transcript	gene_biotype	transcript_biotype	hgncID	hugoSymbol	refseq	entrez	length	HMMStart	HMMEnd
0	ENSP00000192788.5	PF12624	Chorein_N	1.5e-17	59.2	1	119	leslvskllnryLgeyvenldrdqlkvslwsGeveLenlkLkkealdk.lelP..fevkegvigklrlkipwsnlkskpvvieiedvyllaeprseseeedeekeekreqaakkkkLaa	MAGIIKKQILKHLSRFTKNLSPDKINLSTLKGEGQLTNLELDEEVLQNvLELPtwLAITRVYCNRASIRIQWTKLKTHPICLCLDKVEVEMKTCEDPRPPNGQSPIALASGQSEYGFAE	1,2,3,4,5,6,7,8,9,10,11,12,13,14,15,16,17,18,19,20,21,22,23,24,25,26,27,28,29,30,31,32,33,34,35,36,37,38,39,40,41,42,43,44,45,46,47,48,a48-0,49,50,51,52,a52-0,a52-1,53,54,55,56,57,58,59,60,61,62,63,64,65,66,67,68,69,70,71,72,73,74,75,76,77,78,79,80,81,82,83,84,85,86,87,88,89,90,91,92,93,94,95,96,97,98,99,100,101,102,103,104,105,106,107,108,109,110,111,112,113,114,115,116	ENSP00000192788.5	known	GRCh37:6:join(34760028..34760071,34789430..34789592,34789694..34789732,34791034..34791125,34801994..34802183,34802498..34802638,34803071..34803241,34803933..34804125,34823394..34823480,34824016..34824186,34824567..34824706,34825106..34825247,34825501..34825694,34825901..34827348,34831779..34831975,34835002..34835156,34835243..34835393,34838631..34838893,34839361..34839469,34839596..34839702,34840090..34840215)	6	ENSG00000065060.12	ENST00000192788.5	protein_coding	protein_coding	21216	UHRF1BP1	NP_060224	54887	1440	1	116
1	ENSP00000249837.3	PF12624	Chorein_N	2.8e-40	134.7	3	117	leslvskllnryLgeyvenldrdqlkvslwsGeveLenlkLkkealdklelPfevkegvigklrlkipwsnlkskpvvieiedvyllaeprseseeedeekeekreqaakkkkLaa	LESVVADLLNRFLGDYVENLNKSQLKLGIWGGNVALDNLQIKENALSELDVPFKVKAGQIDKLTLKIPWKNLYGEAVVATLEGLYLLVVPGASI-KYDAVKEEKSLQDVKQKELSR	1,2,3,4,5,6,7,8,9,10,11,12,13,14,15,16,17,18,19,20,21,22,23,24,25,26,27,28,29,30,31,32,33,34,35,36,37,38,39,40,41,42,43,44,45,46,47,48,49,50,51,52,53,54,55,56,57,58,59,60,61,62,63,64,65,66,67,68,69,70,71,72,73,74,75,76,77,78,79,80,81,82,83,84,85,86,87,88,89,90,91,92,93,94,95,96,97,98,99,100,101,102,103,104,105,106,107,108,109,110,111,112,113,114,115,116	ENSP00000249837.3	known	GRCh37:15:complement(join(62352474..62352573,62336411..62336454,62333523..62333565,62327156..62327251,62325640..62325741,62315610..62315719,62312678..62312737,62306132..62306191,62305238..62305318,62304306..62304363,62302671..62302798,62300854..62300960,62299507..62299678,62292763..62292825,62283872..62284001,62283199..62283293,62277056..62277198,62276019..62276211,62274658..62274772,62273541..62273677,62270825..62270948,62269281..62269398,62266487..62266616,62265653..62265731,62264824..62264963,62261498..62261651,62259567..62259646,62258282..62258341,62256898..62257060,62256034..62256150,62254948..62255051,62254570..62254737,62253788..62254092,62251647..62251794,62250807..62250915,62246620..62246753,62244023..62244179,62243144..62243223,62242557..62242616,62241642..62241804,62239392..62239508,62238506..62238609,62237914..62238081,62233962..62234266,62232846..62232993,62228796..62228949,62226418..62226530,62223289..62223458,62221700..62221947,62219290..62219519,62217655..62217747,62214596..62214961,62214146..62214232,62212697..62212846,62212266..62212530,62211488..62211648,62210335..62210456,62209540..62209834,62207832..62208221,62205510..62205614,62204039..62204203,62202376..62202504,62201191..62201324,62199463..62199589,62182364..62182599,62176327..62176468,62174795..62174935,62173946..62174027,62173762..62173831,62173042..62173153,62172808..62172921,62170806..62170945,62169172..62169253,62167931..62168044,62167075..62167150,62165445..62165608,62164188..62164233,62161699..62161822,62160858..62160972,62155639..62155727,62148485..62148608,62147070..62147153,62146656..62146757))	15	ENSG00000129003.11	ENST00000249837.3	protein_coding	protein_coding	23594	VPS13C	NP_060154	54832	3710	1	116
2	ENSP00000261517.5	PF12624	Chorein_N	2.8e-40	134.7	3	117	leslvskllnryLgeyvenldrdqlkvslwsGeveLenlkLkkealdklelPfevkegvigklrlkipwsnlkskpvvieiedvyllaeprseseeedeekeekreqaakkkkLaa	LESVVADLLNRFLGDYVENLNKSQLKLGIWGGNVALDNLQIKENALSELDVPFKVKAGQIDKLTLKIPWKNLYGEAVVATLEGLYLLVVPGASI-KYDAVKEEKSLQDVKQKELSR	1,2,3,4,5,6,7,8,9,10,11,12,13,14,15,16,17,18,19,20,21,22,23,24,25,26,27,28,29,30,31,32,33,34,35,36,37,38,39,40,41,42,43,44,45,46,47,48,49,50,51,52,53,54,55,56,57,58,59,60,61,62,63,64,65,66,67,68,69,70,71,72,73,74,75,76,77,78,79,80,81,82,83,84,85,86,87,88,89,90,91,92,93,94,95,96,97,98,99,100,101,102,103,104,105,106,107,108,109,110,111,112,113,114,115,116	ENSP00000261517.5	known	GRCh37:15:complement(join(62352474..62352573,62336411..62336454,62333523..62333565,62327156..62327251,62325640..62325741,62320557..62320619,62315979..62316044,62315610..62315719,62312678..62312737,62306132..62306191,62305238..62305318,62304306..62304363,62302671..62302798,62300854..62300960,62299507..62299678,62292763..62292825,62283872..62284001,62283199..62283293,62277056..62277198,62276019..62276211,62274658..62274772,62273541..62273677,62270825..62270948,62269281..62269398,62266487..62266616,62265653..62265731,62264824..62264963,62261498..62261651,62259567..62259646,62258282..62258341,62256898..62257060,62256034..62256150,62254948..62255051,62254570..62254737,62253788..62254092,62251647..62251794,62250807..62250915,62246620..62246753,62244023..62244179,62243144..62243223,62242557..62242616,62241642..62241804,62239392..62239508,62238506..62238609,62237914..62238081,62233962..62234266,62232846..62232993,62228796..62228949,62226418..62226530,62223289..62223458,62221700..62221947,62219290..62219519,62217655..62217747,62214596..62214961,62214146..62214232,62212697..62212846,62212266..62212530,62211488..62211648,62210335..62210456,62209540..62209834,62207832..62208221,62205510..62205614,62204039..62204203,62202376..62202504,62201191..62201324,62199463..62199589,62182364..62182599,62176327..62176468,62174795..62174935,62173946..62174027,62173762..62173831,62173042..62173153,62172808..62172921,62170806..62170945,62169172..62169253,62167931..62168044,62167075..62167150,62165445..62165608,62164188..62164233,62161699..62161822,62160858..62160972,62155639..62155727,62148485..62148608,62147070..62147153,62146656..62146757))	15	ENSG00000129003.11	ENST00000261517.5	protein_coding	protein_coding	23594	VPS13C	NP_065872	54832	3753	1	116
3	ENSP00000279907.7	PF12624	Chorein_N	1.9e-19	65.5	1	119	leslvskllnryLgeyvenldrdqlkvslwsGeveLenlkLkkealdk.lelP..fevkegvigklrlkipwsnlkskpvvieiedvyllaeprseseeedeekeekreqaakkkkLaa	MAGIIKKQILKHLSRFTKNLSPDKINLSTLKGEGELKNLELDEEVLQNmLDLPtwLAINKVFCNKASIRIPWTKLKTHPICLSLDKVIMEMSTCEEPRSPNGPSPIATASGQSEYGFAE	1,2,3,4,5,6,7,8,9,10,11,12,13,14,15,16,17,18,19,20,21,22,23,24,25,26,27,28,29,30,31,32,33,34,35,36,37,38,39,40,41,42,43,44,45,46,47,48,a48-0,49,50,51,52,a52-0,a52-1,53,54,55,56,57,58,59,60,61,62,63,64,65,66,67,68,69,70,71,72,73,74,75,76,77,78,79,80,81,82,83,84,85,86,87,88,89,90,91,92,93,94,95,96,97,98,99,100,101,102,103,104,105,106,107,108,109,110,111,112,113,114,115,116	ENSP00000279907.7	known	GRCh37:12:complement(join(100536370..100536413,100502164..100502326,100497691..100497729,100496544..100496635,100492130..100492319,100491143..100491283,100489445..100489615,100482693..100482873,100480053..100480136,100478254..100478436,100476794..100476912,100466450..100466591,100453628..100453821,100451807..100453311,100451349..100451524,100444857..100444999,100443946..100444096,100441721..100441974,100441308..100441416,100433374..100433567,100431414..100431533))	12	ENSG00000111647.8	ENST00000279907.7	protein_coding	protein_coding	29102	UHRF1BP1L	NP_055869	23074	1464	1	116
4	ENSP00000347281.1	PF12624	Chorein_N	4.2e-30	100.9	2	117	leslvskllnryLgeyvenldrdqlkvslwsGeveLenlkLkkealdk.lelPfevkegvigklrlkipwsnlkskpvvieiedvyllaeprseseeedeekeekreqaakkkkLaa	LESYVTPILMSYVNRYIKNLKPSDLQLSLWGGDVVLSKLELKLDVLEQeLKLPFTFLSGHIHELRIHVPWTKLGSEPVVITINTMECIL-KLKDGIQDDHESCGSNSTNRSTAESTK	1,2,3,4,5,6,7,8,9,10,11,12,13,14,15,16,17,18,19,20,21,22,23,24,25,26,27,28,29,30,31,32,33,34,35,36,37,38,39,40,41,42,43,44,45,46,47,48,a48-0,49,50,51,52,53,54,55,56,57,58,59,60,61,62,63,64,65,66,67,68,69,70,71,72,73,74,75,76,77,78,79,80,81,82,83,84,85,86,87,88,89,90,91,92,93,94,95,96,97,98,99,100,101,102,103,104,105,106,107,108,109,110,111,112,113,114,115,116	ENSP00000347281.1	known	GRCh37:8:join(100026017..100026163,100050651..100050794,100108540..100108660,100115181..100115348,100123326..100123507,100127928..100128102,100133405..100133673,100146860..100146955,100147243..100147365,100147824..100147961,100148893..100148980,100155202..100155393,100160069..100160238,100168777..100168971,100182267..100182391,100205104..100205285,100221820..100221896)	8	ENSG00000132549.14	ENST00000355155.1	protein_coding	protein_coding	2183	VPS13B	NP_056058	157680	863	1	116
5	ENSP00000348666.4	PF12624	Chorein_N	5.5e-37	123.8	2	116	leslvskllnryLgeyvenldrdqlkvslwsGeveLenlkLkkealdklelPfevkegvigklrlkipwsnlkskpvvieiedvyllaeprseseeedeekeekreqaakkkkLaa	LEGLVAWVLNTYLGKYVNNLNTDQLSVALLKGAVELENLPLKKDALKELELPFEVKAGFIGKVTLQIPFYRPHVDPWVISISSLHLIGAPEKIQ-DFNDEKEKLLERERKKALLQA	1,2,3,4,5,6,7,8,9,10,11,12,13,14,15,16,17,18,19,20,21,22,23,24,25,26,27,28,29,30,31,32,33,34,35,36,37,38,39,40,41,42,43,44,45,46,47,48,49,50,51,52,53,54,55,56,57,58,59,60,61,62,63,64,65,66,67,68,69,70,71,72,73,74,75,76,77,78,79,80,81,82,83,84,85,86,87,88,89,90,91,92,93,94,95,96,97,98,99,100,101,102,103,104,105,106,107,108,109,110,111,112,113,114,115,116	ENSP00000348666.4	known	GRCh37:1:join(12294324..12294420,12302570..12302647,12304303..12304493,12304594..12304674,12309280..12309396,12313779..12313883,12316390..12316560,12317044..12317144,12317992..12318160,12320750..12320851,12321005..12321206,12321958..12322137,12326938..12327068,12327902..12327977,12328763..12328933,12331051..12331181,12333060..12333192,12335882..12338095,12339556..12339707,12342762..12343793,12348280..12348370,12351055..12351181,12353581..12353761,12359259..12359441,12364563..12364785,12368488..12368698,12371511..12371682,12371870..12371982,12374172..12374384,12378129..12378394,12379554..12379687,12381866..12382021,12382593..12382803,12383763..12383837,12387705..12387911,12389886..12389975,12393283..12393423,12395762..12395884,12401837..12401942,12402956..12403108,12405431..12405566,12406662..12406709,12408880..12409030,12409221..12409431,12414031..12414278,12415956..12416147,12416455..12416581,12418515..12418657,12422776..12422906,12423128..12423303,12428523..12428646,12429522..12429757,12433805..12433913,12438482..12438645,12439542..12439650,12443035..12443214,12445319..12445432,12446244..12446393,12460238..12460387,12461661..12461757,12463878..12464026,12475140..12475274,12476713..12476880,12516054..12516186,12520256..12520451,12557554..12557685,12566907..12567147,12568947..12569078)	1	ENSG00000048707.9	ENST00000356315.4	protein_coding	protein_coding	23595	VPS13D	NP_060626	55187	4363	1	116
6	ENSP00000349285.3	PF12624	Chorein_N	1.9e-19	65.5	1	119	leslvskllnryLgeyvenldrdqlkvslwsGeveLenlkLkkealdk.lelP..fevkegvigklrlkipwsnlkskpvvieiedvyllaeprseseeedeekeekreqaakkkkLaa	MAGIIKKQILKHLSRFTKNLSPDKINLSTLKGEGELKNLELDEEVLQNmLDLPtwLAINKVFCNKASIRIPWTKLKTHPICLSLDKVIMEMSTCEEPRSPNGPSPIATASGQSEYGFAE	1,2,3,4,5,6,7,8,9,10,11,12,13,14,15,16,17,18,19,20,21,22,23,24,25,26,27,28,29,30,31,32,33,34,35,36,37,38,39,40,41,42,43,44,45,46,47,48,a48-0,49,50,51,52,a52-0,a52-1,53,54,55,56,57,58,59,60,61,62,63,64,65,66,67,68,69,70,71,72,73,74,75,76,77,78,79,80,81,82,83,84,85,86,87,88,89,90,91,92,93,94,95,96,97,98,99,100,101,102,103,104,105,106,107,108,109,110,111,112,113,114,115,116	ENSP00000349285.3	known	GRCh37:12:complement(join(100536370..100536413,100502164..100502326,100497691..100497729,100496544..100496635,100492130..100492319,100491143..100491283,100489445..100489615,100482693..100482873,100480053..100480136,100478254..100478436,100476794..100476912,100466450..100466591,100463928..100463947))	12	ENSG00000111647.8	ENST00000356828.3	protein_coding	protein_coding	29102	UHRF1BP1L	NP_001006948	23074	522	1	116
7	ENSP00000349685.2	PF12624	Chorein_N	4.2e-30	100.9	2	117	leslvskllnryLgeyvenldrdqlkvslwsGeveLenlkLkkealdk.lelPfevkegvigklrlkipwsnlkskpvvieiedvyllaeprseseeedeekeekreqaakkkkLaa	LESYVTPILMSYVNRYIKNLKPSDLQLSLWGGDVVLSKLELKLDVLEQeLKLPFTFLSGHIHELRIHVPWTKLGSEPVVITINTMECIL-KLKDGIQDDHESCGSNSTNRSTAESTK	1,2,3,4,5,6,7,8,9,10,11,12,13,14,15,16,17,18,19,20,21,22,23,24,25,26,27,28,29,30,31,32,33,34,35,36,37,38,39,40,41,42,43,44,45,46,47,48,a48-0,49,50,51,52,53,54,55,56,57,58,59,60,61,62,63,64,65,66,67,68,69,70,71,72,73,74,75,76,77,78,79,80,81,82,83,84,85,86,87,88,89,90,91,92,93,94,95,96,97,98,99,100,101,102,103,104,105,106,107,108,109,110,111,112,113,114,115,116	ENSP00000349685.2	known	GRCh37:8:join(100026017..100026163,100050651..100050794,100108540..100108660,100115181..100115348,100123326..100123507,100127928..100128102,100133405..100133673,100146860..100146955,100147243..100147365,100147824..100147961,100148893..100148980,100155202..100155393,100160069..100160238,100168777..100168971,100182267..100182391,100205104..100205285,100286426..100286560,100287309..100287482,100396436..100396545,100403785..100403932,100443765..100443892,100454629..100454863,100479642..100479862,100493827..100494030,100513915..100514086,100515064..100515178,100519365..100519431,100523332..100523740,100533127..100533238,100568678..100568881,100587886..100588012,100589718..100589861,100654039..100654726,100673582..100673719,100711753..100712160,100729399..100729601,100732573..100732780,100733091..100733275,100779002..100779198,100789003..100789184,100790910..100791259,100796543..100796704,100821603..100821758,100829768..100830031,100830679..100830762,100830941..100831116,100831640..100831810,100832149..100832350,100833522..100833710,100836060..100836206,100844597..100844880,100847425..100847552,100847767..100847966,100861004..100861122,100865679..100866484,100871532..100871708,100874004..100874174,100880517..100880693,100883013..100883115,100883676..100883925,100887646..100887894)	8	ENSG00000132549.14	ENST00000357162.2	protein_coding	protein_coding	2183	VPS13B	NP_689777	157680	3997	1	116
8	ENSP00000349985.5	PF12624	Chorein_N	4.5e-40	134.0	3	117	leslvskllnryLgeyvenldrdqlkvslwsGeveLenlkLkkealdklelPfevkegvigklrlkipwsnlkskpvvieiedvyllaeprseseeedeekeekreqaakkkkLaa	FESVVVDVLNRFLGDYVVDLDTSQLSLGIWKGAVALKNLQIKENALSQLDVPFKVKVGHIGNLKLIIPWKNLYTQPVEAVLEEIYLLIVPSSRI-KYDPLKEEKQLMEAKQQELKR	1,2,3,4,5,6,7,8,9,10,11,12,13,14,15,16,17,18,19,20,21,22,23,24,25,26,27,28,29,30,31,32,33,34,35,36,37,38,39,40,41,42,43,44,45,46,47,48,49,50,51,52,53,54,55,56,57,58,59,60,61,62,63,64,65,66,67,68,69,70,71,72,73,74,75,76,77,78,79,80,81,82,83,84,85,86,87,88,89,90,91,92,93,94,95,96,97,98,99,100,101,102,103,104,105,106,107,108,109,110,111,112,113,114,115,116	ENSP00000349985.5	known	GRCh37:9:join(79792621..79792720,79814861..79814904,79816281..79816323,79820229..79820324,79820894..79820995,79824339..79824448,79825532..79825591,79827885..79827944,79828150..79828230,79829245..79829302,79834870..79834997,79835193..79835299,79836101..79836272,79840842..79840904,79841382..79841514,79842307..79842401,79843038..79843180,79852918..79853107,79853188..79853302,79862175..79862311,79865013..79865145,79867151..79867268,79875002..79875140,79888196..79888280,79890414..79890568,79890981..79891137,79895075..79895154,79896783..79896842,79897037..79897190,79898271..79898387,79898463..79898566,79908257..79908424,79910458..79910762,79917831..79917978,79922861..79923014,79928908..79929035,79929411..79929580,79930169..79930386,79931090..79931322,79932522..79932614,79933151..79933507,79934488..79934589,79936085..79936243,79936407..79936662,79937983..79938143,79946926..79947029,79952171..79952453,79954432..79954827,79955094..79955198,79955320..79955466,79959069..79959197,79959925..79960058,79966233..79966362,79968325..79968557,79971630..79971783,79972608..79972754,79973273..79973354,79974249..79974318,79975452..79975557,79980376..79980489,79981643..79981788,79982971..79983052,79984215..79984328,79985173..79985248,79985331..79985494,79985806..79985851,79985942..79986065,79996892..79997003,79999501..79999599)	9	ENSG00000197969.7	ENST00000357409.5	protein_coding	protein_coding	1908	VPS13A	NP_056001	23230	3095	1	116
9	ENSP00000350854.3	PF12624	Chorein_N	5.5e-37	123.8	2	116	leslvskllnryLgeyvenldrdqlkvslwsGeveLenlkLkkealdklelPfevkegvigklrlkipwsnlkskpvvieiedvyllaeprseseeedeekeekreqaakkkkLaa	LEGLVAWVLNTYLGKYVNNLNTDQLSVALLKGAVELENLPLKKDALKELELPFEVKAGFIGKVTLQIPFYRPHVDPWVISISSLHLIGAPEKIQ-DFNDEKEKLLERERKKALLQA	1,2,3,4,5,6,7,8,9,10,11,12,13,14,15,16,17,18,19,20,21,22,23,24,25,26,27,28,29,30,31,32,33,34,35,36,37,38,39,40,41,42,43,44,45,46,47,48,49,50,51,52,53,54,55,56,57,58,59,60,61,62,63,64,65,66,67,68,69,70,71,72,73,74,75,76,77,78,79,80,81,82,83,84,85,86,87,88,89,90,91,92,93,94,95,96,97,98,99,100,101,102,103,104,105,106,107,108,109,110,111,112,113,114,115,116	ENSP00000350854.3	known	GRCh37:1:join(12294324..12294420,12302570..12302647,12304303..12304493,12304594..12304674,12309280..12309396,12313779..12313883,12316390..12316560,12317044..12317144,12317992..12318160,12320750..12320851,12321005..12321206,12321958..12322137,12326938..12327068,12327902..12327977,12328763..12328933,12331051..12331181,12333060..12333192,12335882..12338095,12339556..12339707,12342762..12343793,12348280..12348370,12351055..12351181,12353581..12353761,12359259..12359441,12364563..12364785,12368488..12368698,12371511..12371682,12371870..12371982,12374172..12374384,12378129..12378394,12379554..12379687,12381866..12382021,12382593..12382803,12383763..12383837,12387705..12387911,12389886..12389975,12393283..12393423,12395762..12395884,12398288..12398362,12401837..12401942,12402956..12403108,12405431..12405566,12406662..12406709,12408880..12409030,12409221..12409431,12414031..12414278,12415956..12416147,12416455..12416581,12418515..12418657,12422776..12422906,12423128..12423303,12428523..12428646,12429522..12429757,12433805..12433913,12438482..12438645,12439542..12439650,12443035..12443214,12445319..12445432,12446244..12446393,12460238..12460387,12461661..12461757,12463878..12464026,12475140..12475274,12476713..12476880,12516054..12516186,12520256..12520451,12557554..12557685,12566907..12567147,12568947..12569078)	1	ENSG00000048707.9	ENST00000358136.3	protein_coding	protein_coding	23595	VPS13D	NP_056193	55187	4388	1	116
10	ENSP00000351346.2	PF12624	Chorein_N	4.2e-30	100.9	2	117	leslvskllnryLgeyvenldrdqlkvslwsGeveLenlkLkkealdk.lelPfevkegvigklrlkipwsnlkskpvvieiedvyllaeprseseeedeekeekreqaakkkkLaa	LESYVTPILMSYVNRYIKNLKPSDLQLSLWGGDVVLSKLELKLDVLEQeLKLPFTFLSGHIHELRIHVPWTKLGSEPVVITINTMECIL-KLKDGIQDDHESCGSNSTNRSTAESTK	1,2,3,4,5,6,7,8,9,10,11,12,13,14,15,16,17,18,19,20,21,22,23,24,25,26,27,28,29,30,31,32,33,34,35,36,37,38,39,40,41,42,43,44,45,46,47,48,a48-0,49,50,51,52,53,54,55,56,57,58,59,60,61,62,63,64,65,66,67,68,69,70,71,72,73,74,75,76,77,78,79,80,81,82,83,84,85,86,87,88,89,90,91,92,93,94,95,96,97,98,99,100,101,102,103,104,105,106,107,108,109,110,111,112,113,114,115,116	ENSP00000351346.2	known	GRCh37:8:join(100026017..100026163,100050651..100050794,100108540..100108660,100115181..100115348,100123326..100123507,100127928..100128102,100133405..100133673,100146860..100146955,100147243..100147365,100147824..100147961,100148893..100148980,100155202..100155393,100160069..100160238,100168777..100168971,100182267..100182391,100205104..100205285,100286426..100286560,100287309..100287482,100396436..100396545,100403785..100403932,100443765..100443892,100454629..100454863,100479642..100479862,100493827..100494030,100513915..100514086,100515064..100515178,100519998..100520139,100523332..100523740,100533127..100533238,100568678..100568881,100587886..100588012,100589718..100589861,100654039..100654726,100673582..100673719,100711753..100712160,100729399..100729601,100732573..100732780,100733091..100733275,100779002..100779198,100789003..100789184,100790910..100791259,100796543..100796704,100821603..100821758,100829768..100830031,100830679..100830762,100830941..100831116,100831640..100831810,100832149..100832350,100833522..100833710,100836060..100836206,100844597..100844880,100847425..100847552,100847767..100847966,100861004..100861122,100865679..100866484,100871532..100871708,100874004..100874174,100880517..100880693,100883013..100883115,100883676..100883925,100887646..100887894)	8	ENSG00000132549.14	ENST00000358544.2	protein_coding	protein_coding	2183	VPS13B	NP_060360	157680	4022	1	116
11	ENSP00000353010.4	PF12624	Chorein_N	4.1e-18	61.1	11	129	leslvskllnryLgeyv.enldrdqlkvslwsGeveLenlkLkkealdkl....elPfevkegvigklrlkipwsnlkskpvvieiedvyllaeprseseeedeekeekreqaakkkkLaa	-KRACRYLLQRYLGHFLqEKLSLEQLSLDLYQGTGSLAQVPLDKWCLNEIlesaDAPLEVTEGFIQSISLSVPWGSLLQDNCALEVRGLEMVFRPRPRPATGSEP-MYWSSFMTSSMQLAK	1,2,3,4,5,6,7,8,9,10,11,12,13,14,15,16,17,a17-0,18,19,20,21,22,23,24,25,26,27,28,29,30,31,32,33,34,35,36,37,38,39,40,41,42,43,44,45,46,47,48,49,a49-0,a49-1,a49-2,a49-3,50,51,52,53,54,55,56,57,58,59,60,61,62,63,64,65,66,67,68,69,70,71,72,73,74,75,76,77,78,79,80,81,82,83,84,85,86,87,88,89,90,91,92,93,94,95,96,97,98,99,100,101,102,103,104,105,106,107,108,109,110,111,112,113,114,115,116	ENSP00000353010.4	known	GRCh37:14:complement(join(96829152..96829313,96813516..96813678,96811570..96811722,96810991..96811093,96809456..96809618,96807859..96808038,96800742..96800838,96800025..96800210,96798838..96798992,96798642..96798747,96797713..96797974,96795821..96795971,96795011..96795103,96794684..96794872,96791986..96792259,96790233..96790335,96788877..96789072,96788449..96788591,96784035..96784192,96783482..96783654,96782870..96783020,96781721..96781920,96781491..96781571,96779666..96779772,96779402..96779494,96778426..96778496,96777879..96777955,96777454..96777624,96775790..96775931,96773051..96773253,96771926..96772152,96770832..96770940,96769398..96769592,96768344..96768445,96761819..96761897,96761297..96761504,96758366..96758435,96757937..96758019,96757151..96757272,96756773..96756927,96755993..96756142,96752092..96752322))	14	ENSG00000066739.7	ENST00000359933.4	protein_coding	protein_coding	20187	ATG2B	NP_060506	55102	2078	1	116
12	ENSP00000353422.3	PF12624	Chorein_N	4.5e-40	134.0	3	117	leslvskllnryLgeyvenldrdqlkvslwsGeveLenlkLkkealdklelPfevkegvigklrlkipwsnlkskpvvieiedvyllaeprseseeedeekeekreqaakkkkLaa	FESVVVDVLNRFLGDYVVDLDTSQLSLGIWKGAVALKNLQIKENALSQLDVPFKVKVGHIGNLKLIIPWKNLYTQPVEAVLEEIYLLIVPSSRI-KYDPLKEEKQLMEAKQQELKR	1,2,3,4,5,6,7,8,9,10,11,12,13,14,15,16,17,18,19,20,21,22,23,24,25,26,27,28,29,30,31,32,33,34,35,36,37,38,39,40,41,42,43,44,45,46,47,48,49,50,51,52,53,54,55,56,57,58,59,60,61,62,63,64,65,66,67,68,69,70,71,72,73,74,75,76,77,78,79,80,81,82,83,84,85,86,87,88,89,90,91,92,93,94,95,96,97,98,99,100,101,102,103,104,105,106,107,108,109,110,111,112,113,114,115,116	ENSP00000353422.3	known	GRCh37:9:join(79792621..79792720,79814861..79814904,79816281..79816323,79820229..79820324,79820894..79820995,79824339..79824448,79825532..79825591,79827885..79827944,79828150..79828230,79829245..79829302,79834870..79834997,79835193..79835299,79836101..79836272,79840842..79840904,79841382..79841514,79842307..79842401,79843038..79843180,79852918..79853107,79853188..79853302,79862175..79862311,79865013..79865145,79867151..79867268,79875002..79875140,79888196..79888280,79890414..79890568,79890981..79891137,79895075..79895154,79896783..79896842,79897037..79897190,79898271..79898387,79898463..79898566,79908257..79908424,79910458..79910762,79917831..79917978,79922861..79923014,79928908..79929035,79929411..79929580,79930169..79930386,79931090..79931322,79932522..79932614,79933151..79933507,79934488..79934589,79936085..79936243,79936407..79936662,79937983..79938143,79946926..79947029,79952171..79952453,79954432..79954827,79955094..79955198,79955320..79955466,79959069..79959197,79959925..79960058,79966233..79966362,79968325..79968557,79971630..79971783,79972608..79972754,79973273..79973354,79974249..79974318,79975452..79975557,79980376..79980489,79981643..79981788,79982971..79983052,79984215..79984328,79985173..79985248,79985331..79985494,79985806..79985851,79985942..79986065,79996892..79997003,80018152..80018237,80020780..80020903,80022449..80022523,80030872..80030922)	9	ENSG00000197969.7	ENST00000360280.3	protein_coding	protein_coding	1908	VPS13A	NP_150648	23230	3174	1	116
13	ENSP00000365821.4	PF12624	Chorein_N	4.5e-40	134.0	3	117	leslvskllnryLgeyvenldrdqlkvslwsGeveLenlkLkkealdklelPfevkegvigklrlkipwsnlkskpvvieiedvyllaeprseseeedeekeekreqaakkkkLaa	FESVVVDVLNRFLGDYVVDLDTSQLSLGIWKGAVALKNLQIKENALSQLDVPFKVKVGHIGNLKLIIPWKNLYTQPVEAVLEEIYLLIVPSSRI-KYDPLKEEKQLMEAKQQELKR	1,2,3,4,5,6,7,8,9,10,11,12,13,14,15,16,17,18,19,20,21,22,23,24,25,26,27,28,29,30,31,32,33,34,35,36,37,38,39,40,41,42,43,44,45,46,47,48,49,50,51,52,53,54,55,56,57,58,59,60,61,62,63,64,65,66,67,68,69,70,71,72,73,74,75,76,77,78,79,80,81,82,83,84,85,86,87,88,89,90,91,92,93,94,95,96,97,98,99,100,101,102,103,104,105,106,107,108,109,110,111,112,113,114,115,116	ENSP00000365821.4	known	GRCh37:9:join(79792621..79792720,79814861..79814904,79816281..79816323,79820229..79820324,79820894..79820995,79824339..79824448,79825532..79825591,79827885..79827944,79828150..79828230,79829245..79829302,79834870..79834997,79835193..79835299,79836101..79836272,79840842..79840904,79841382..79841514,79842307..79842401,79843038..79843180,79852918..79853107,79853188..79853302,79862175..79862311,79865013..79865145,79867151..79867268,79875002..79875140,79888196..79888280,79890414..79890568,79890981..79891137,79895075..79895154,79896783..79896842,79897037..79897190,79898271..79898387,79898463..79898566,79908257..79908424,79910458..79910762,79917831..79917978,79922861..79923014,79928908..79929035,79929411..79929580,79930169..79930386,79931090..79931322,79932522..79932614,79933151..79933507,79934488..79934589,79936085..79936243,79936407..79936662,79937983..79938143,79946926..79947029,79952171..79952453,79954432..79954827,79955094..79955198,79955320..79955466,79959069..79959197,79959925..79960058,79966233..79966362,79968325..79968557,79971630..79971783,79972608..79972754,79973273..79973354,79974249..79974318,79975452..79975557,79980376..79980489,79981643..79981788,79982971..79983052,79984215..79984328,79985173..79985248,79985331..79985494,79985806..79985851,79985942..79986065,79996892..79997003,79997195..79997215)	9	ENSG00000197969.7	ENST00000376634.4	protein_coding	protein_coding	1908	VPS13A	NP_001018048	23230	3069	1	116
14	ENSP00000365823.3	PF12624	Chorein_N	4.5e-40	134.0	3	117	leslvskllnryLgeyvenldrdqlkvslwsGeveLenlkLkkealdklelPfevkegvigklrlkipwsnlkskpvvieiedvyllaeprseseeedeekeekreqaakkkkLaa	FESVVVDVLNRFLGDYVVDLDTSQLSLGIWKGAVALKNLQIKENALSQLDVPFKVKVGHIGNLKLIIPWKNLYTQPVEAVLEEIYLLIVPSSRI-KYDPLKEEKQLMEAKQQELKR	1,2,3,4,5,6,7,8,9,10,11,12,13,14,15,16,17,18,19,20,21,22,23,24,25,26,27,28,29,30,31,32,33,34,35,36,37,38,39,40,41,42,43,44,45,46,47,48,49,50,51,52,53,54,55,56,57,58,59,60,61,62,63,64,65,66,67,68,69,70,71,72,73,74,75,76,77,78,79,80,81,82,83,84,85,86,87,88,89,90,91,92,93,94,95,96,97,98,99,100,101,102,103,104,105,106,107,108,109,110,111,112,113,114,115,116	ENSP00000365823.3	known	GRCh37:9:join(79792621..79792720,79814861..79814904,79816281..79816323,79820229..79820324,79820894..79820995,79824339..79824448,79825532..79825591,79827885..79827944,79828150..79828230,79829245..79829302,79834870..79834997,79835193..79835299,79836101..79836272,79840842..79840904,79841382..79841514,79842307..79842401,79843038..79843180,79852918..79853107,79853188..79853302,79862175..79862311,79865013..79865145,79867151..79867268,79875002..79875140,79888196..79888280,79890414..79890568,79890981..79891137,79895075..79895154,79896783..79896842,79897037..79897190,79898463..79898566,79908257..79908424,79910458..79910762,79917831..79917978,79922861..79923014,79928908..79929035,79929411..79929580,79930169..79930386,79931090..79931322,79932522..79932614,79933151..79933507,79934488..79934589,79936085..79936243,79936407..79936662,79937983..79938143,79946926..79947029,79952171..79952453,79954432..79954827,79955094..79955198,79955320..79955466,79959069..79959197,79959925..79960058,79966233..79966362,79968325..79968557,79971630..79971783,79972608..79972754,79973273..79973354,79974249..79974318,79975452..79975557,79980376..79980489,79981643..79981788,79982971..79983052,79984215..79984328,79985173..79985248,79985331..79985494,79985806..79985851,79985942..79986065,79996892..79997003,80018152..80018237,80020780..80020903,80022449..80022523,80030872..80030922)	9	ENSG00000197969.7	ENST00000376636.3	protein_coding	protein_coding	1908	VPS13A	NP_001018047	23230	3135	1	116
15	ENSP00000366475.3	PF12624	Chorein_N	3.6000000000000003e-20	67.9	14	133	leslvskllnryLgeyv.enldrdqlkvslwsGeveLenlkLk....kealdklelPfevkegvigklrlkipwsnlkskpvvieiedvyllaeprseseeedeekeekreqaakkkkLaa	-ERVCRYLLHHYLGHFFqEHLSLDQLSLDLYKGSVALRDIHLEiwsvNEVLESMESPLELVEGFVGSIEVAVPWAALLTDHCTVRVSGLQLTLQPRRGPAPGAADSQSWASCMTTSLQLAQ	1,2,3,4,5,6,7,8,9,10,11,12,13,14,15,16,17,a17-0,18,19,20,21,22,23,24,25,26,27,28,29,30,31,32,33,34,35,36,37,38,39,40,41,42,a42-0,a42-1,a42-2,a42-3,43,44,45,46,47,48,49,50,51,52,53,54,55,56,57,58,59,60,61,62,63,64,65,66,67,68,69,70,71,72,73,74,75,76,77,78,79,80,81,82,83,84,85,86,87,88,89,90,91,92,93,94,95,96,97,98,99,100,101,102,103,104,105,106,107,108,109,110,111,112,113,114,115,116	ENSP00000366475.3	known	GRCh37:11:complement(join(64684437..64684607,64681810..64681972,64681553..64681705,64681293..64681395,64680738..64680873,64680510..64680608,64679799..64679895,64679557..64679721,64679314..64679454,64678510..64678747,64678279..64678426,64678088..64678180,64677512..64677667,64677153..64677396,64676743..64676839,64676463..64676622,64675220..64675362,64674997..64675136,64674727..64674911,64674137..64674287,64673806..64674005,64673585..64673665,64673214..64673320,64673035..64673127,64671062..64671132,64670760..64670836,64669988..64670152,64669732..64669858,64669434..64669648,64668356..64668564,64667966..64668101,64666108..64666314,64665733..64665834,64665558..64665642,64665311..64665446,64665143..64665215,64664884..64664966,64664220..64664341,64663934..64664088,64662762..64662914,64662445..64662681))	11	ENSG00000110046.8	ENST00000377264.3	protein_coding	protein_coding	29028	ATG2A	NP_055919	23130	1938	1	116
16	ENSP00000379233.4	PF12624	Chorein_N	2.8e-40	134.7	3	117	leslvskllnryLgeyvenldrdqlkvslwsGeveLenlkLkkealdklelPfevkegvigklrlkipwsnlkskpvvieiedvyllaeprseseeedeekeekreqaakkkkLaa	LESVVADLLNRFLGDYVENLNKSQLKLGIWGGNVALDNLQIKENALSELDVPFKVKAGQIDKLTLKIPWKNLYGEAVVATLEGLYLLVVPGASI-KYDAVKEEKSLQDVKQKELSR	1,2,3,4,5,6,7,8,9,10,11,12,13,14,15,16,17,18,19,20,21,22,23,24,25,26,27,28,29,30,31,32,33,34,35,36,37,38,39,40,41,42,43,44,45,46,47,48,49,50,51,52,53,54,55,56,57,58,59,60,61,62,63,64,65,66,67,68,69,70,71,72,73,74,75,76,77,78,79,80,81,82,83,84,85,86,87,88,89,90,91,92,93,94,95,96,97,98,99,100,101,102,103,104,105,106,107,108,109,110,111,112,113,114,115,116	ENSP00000379233.4	known	GRCh37:15:complement(join(62352474..62352573,62336411..62336454,62333523..62333565,62327156..62327251,62325640..62325741,62320557..62320619,62315979..62316044,62315610..62315719,62312678..62312737,62306132..62306191,62305238..62305318,62304306..62304363,62302671..62302798,62300854..62300960,62299507..62299678,62292763..62292825,62283872..62284001,62283199..62283293,62277056..62277198,62276019..62276211,62274658..62274772,62273541..62273677,62270825..62270948,62269281..62269398,62266487..62266616,62265653..62265731,62264824..62264963,62261498..62261651,62259567..62259646,62258282..62258341,62256898..62257060,62256034..62256150,62254948..62255051,62254570..62254737,62253788..62254092,62251647..62251794,62250807..62250915,62246620..62246753,62244023..62244179,62243144..62243223,62242557..62242616,62241642..62241804,62239392..62239508,62238506..62238609,62237914..62238081,62233962..62234266,62232846..62232993,62228796..62228949,62226418..62226530,62223289..62223458,62221700..62221947,62219290..62219519,62217655..62217747,62214596..62214961,62214146..62214232,62212697..62212846,62212266..62212530,62211488..62211648,62210335..62210456,62209540..62209834,62207832..62208221,62205510..62205614,62204039..62204203,62202376..62202504,62201191..62201324,62199463..62199589,62182364..62182599,62176327..62176468,62174795..62174935,62173946..62174027,62173762..62173831,62173042..62173153,62172808..62172921,62170806..62170945,62169172..62169253,62167931..62168044,62167075..62167150,62165445..62165608,62164188..62164233,62161699..62161822,62160858..62160972,62160123..62160146))	15	ENSG00000129003.11	ENST00000395896.4	protein_coding	protein_coding	23594	VPS13C	NP_001018098	54832	3628	1	116
17	ENSP00000379235.3	PF12624	Chorein_N	2.8e-40	134.7	3	117	leslvskllnryLgeyvenldrdqlkvslwsGeveLenlkLkkealdklelPfevkegvigklrlkipwsnlkskpvvieiedvyllaeprseseeedeekeekreqaakkkkLaa	LESVVADLLNRFLGDYVENLNKSQLKLGIWGGNVALDNLQIKENALSELDVPFKVKAGQIDKLTLKIPWKNLYGEAVVATLEGLYLLVVPGASI-KYDAVKEEKSLQDVKQKELSR	1,2,3,4,5,6,7,8,9,10,11,12,13,14,15,16,17,18,19,20,21,22,23,24,25,26,27,28,29,30,31,32,33,34,35,36,37,38,39,40,41,42,43,44,45,46,47,48,49,50,51,52,53,54,55,56,57,58,59,60,61,62,63,64,65,66,67,68,69,70,71,72,73,74,75,76,77,78,79,80,81,82,83,84,85,86,87,88,89,90,91,92,93,94,95,96,97,98,99,100,101,102,103,104,105,106,107,108,109,110,111,112,113,114,115,116	ENSP00000379235.3	known	GRCh37:15:complement(join(62352474..62352573,62336411..62336454,62333523..62333565,62327156..62327251,62325640..62325741,62315610..62315719,62312678..62312737,62306132..62306191,62305238..62305318,62304306..62304363,62302671..62302798,62300854..62300960,62299507..62299678,62292763..62292825,62283872..62284001,62283199..62283293,62277056..62277198,62276019..62276211,62274658..62274772,62273541..62273677,62270825..62270948,62269281..62269398,62266487..62266616,62265653..62265731,62264824..62264963,62261498..62261651,62259567..62259646,62258282..62258341,62256898..62257060,62256034..62256150,62254948..62255051,62254570..62254737,62253788..62254092,62251647..62251794,62250807..62250915,62246620..62246753,62244023..62244179,62243144..62243223,62242557..62242616,62241642..62241804,62239392..62239508,62238506..62238609,62237914..62238081,62233962..62234266,62232846..62232993,62228796..62228949,62226418..62226530,62223289..62223458,62221700..62221947,62219290..62219519,62217655..62217747,62214596..62214961,62214146..62214232,62212697..62212846,62212266..62212530,62211488..62211648,62210335..62210456,62209540..62209834,62207832..62208221,62205510..62205614,62204039..62204203,62202376..62202504,62201191..62201324,62199463..62199589,62182364..62182599,62176327..62176468,62174795..62174935,62173946..62174027,62173762..62173831,62173042..62173153,62172808..62172921,62170806..62170945,62169172..62169253,62167931..62168044,62167075..62167150,62165445..62165608,62164188..62164233,62161699..62161822,62160858..62160972,62160123..62160146))	15	ENSG00000129003.11	ENST00000395898.3	protein_coding	protein_coding	23594	VPS13C	NP_060550	54832	3585	1	116
18	ENSP00000379318.1	PF12624	Chorein_N	4.2e-30	100.9	2	117	leslvskllnryLgeyvenldrdqlkvslwsGeveLenlkLkkealdk.lelPfevkegvigklrlkipwsnlkskpvvieiedvyllaeprseseeedeekeekreqaakkkkLaa	LESYVTPILMSYVNRYIKNLKPSDLQLSLWGGDVVLSKLELKLDVLEQeLKLPFTFLSGHIHELRIHVPWTKLGSEPVVITINTMECIL-KLKDGIQDDHESCGSNSTNRSTAESTK	1,2,3,4,5,6,7,8,9,10,11,12,13,14,15,16,17,18,19,20,21,22,23,24,25,26,27,28,29,30,31,32,33,34,35,36,37,38,39,40,41,42,43,44,45,46,47,48,a48-0,49,50,51,52,53,54,55,56,57,58,59,60,61,62,63,64,65,66,67,68,69,70,71,72,73,74,75,76,77,78,79,80,81,82,83,84,85,86,87,88,89,90,91,92,93,94,95,96,97,98,99,100,101,102,103,104,105,106,107,108,109,110,111,112,113,114,115,116	ENSP00000379318.1	known	GRCh37:8:join(100026017..100026163,100050651..100050794,100108540..100108660,100115181..100115348,100123326..100123507,100127928..100128102,100133405..100133673,100146860..100146955,100147243..100147365,100147824..100147961,100148893..100148980,100155202..100155393,100160069..100160238,100168777..100168971,100182267..100182391,100205104..100205285,100286426..100286560,100287309..100287482,100396436..100396545,100403785..100403932,100443765..100443892,100454629..100454863,100479642..100479862,100493827..100494030,100513915..100514086,100515064..100515178,100519365..100519431,100519998..100520057)	8	ENSG00000132549.14	ENST00000395996.1	protein_coding	protein_coding	2183	VPS13B		157680	1427	1	116
19	ENSP00000398472.2	PF12624	Chorein_N	4.2e-30	100.9	2	117	leslvskllnryLgeyvenldrdqlkvslwsGeveLenlkLkkealdk.lelPfevkegvigklrlkipwsnlkskpvvieiedvyllaeprseseeedeekeekreqaakkkkLaa	LESYVTPILMSYVNRYIKNLKPSDLQLSLWGGDVVLSKLELKLDVLEQeLKLPFTFLSGHIHELRIHVPWTKLGSEPVVITINTMECIL-KLKDGIQDDHESCGSNSTNRSTAESTK	1,2,3,4,5,6,7,8,9,10,11,12,13,14,15,16,17,18,19,20,21,22,23,24,25,26,27,28,29,30,31,32,33,34,35,36,37,38,39,40,41,42,43,44,45,46,47,48,a48-0,49,50,51,52,53,54,55,56,57,58,59,60,61,62,63,64,65,66,67,68,69,70,71,72,73,74,75,76,77,78,79,80,81,82,83,84,85,86,87,88,89,90,91,92,93,94,95,96,97,98,99,100,101,102,103,104,105,106,107,108,109,110,111,112,113,114,115,116	ENSP00000398472.2	known	GRCh37:8:join(100026017..100026163,100050651..100050794,100108540..100108660,100115181..100115348,100123326..100123507,100127928..100128102,100133405..100133715)	8	ENSG00000132549.14	ENST00000441350.2	protein_coding	protein_coding	2183	VPS13B	NP_858047	157680	415	1	116
20	ENSP00000400628.2	PF12624	Chorein_N	1.5e-17	59.2	1	119	leslvskllnryLgeyvenldrdqlkvslwsGeveLenlkLkkealdk.lelP..fevkegvigklrlkipwsnlkskpvvieiedvyllaeprseseeedeekeekreqaakkkkLaa	MAGIIKKQILKHLSRFTKNLSPDKINLSTLKGEGQLTNLELDEEVLQNvLELPtwLAITRVYCNRASIRIQWTKLKTHPICLCLDKVEVEMKTCEDPRPPNGQSPIALASGQSEYGFAE	1,2,3,4,5,6,7,8,9,10,11,12,13,14,15,16,17,18,19,20,21,22,23,24,25,26,27,28,29,30,31,32,33,34,35,36,37,38,39,40,41,42,43,44,45,46,47,48,a48-0,49,50,51,52,a52-0,a52-1,53,54,55,56,57,58,59,60,61,62,63,64,65,66,67,68,69,70,71,72,73,74,75,76,77,78,79,80,81,82,83,84,85,86,87,88,89,90,91,92,93,94,95,96,97,98,99,100,101,102,103,104,105,106,107,108,109,110,111,112,113,114,115,116	ENSP00000400628.2	known	GRCh37:6:join(34760028..34760071,34789430..34789592,34789694..34789732,34791034..34791125,34801994..34802183,34802498..34802638,34803071..34803241,34803933..34804125,34823394..34823480,34824016..34824186,34824567..34824706,34825106..34825247,34825501..34825694,34825901..34827348,34831779..34831975,34835002..34835156,34835243..34835393,34838631..34838893,34839361..34839469,34839596..34839702,34847786..34847791)	6	ENSG00000065060.12	ENST00000452449.2	protein_coding	protein_coding	21216	UHRF1BP1		54887	1400	1	116
21	ENSP00000410522.2	PF12624	Chorein_N	3.6000000000000003e-20	67.9	14	133	leslvskllnryLgeyv.enldrdqlkvslwsGeveLenlkLk....kealdklelPfevkegvigklrlkipwsnlkskpvvieiedvyllaeprseseeedeekeekreqaakkkkLaa	-ERVCRYLLHHYLGHFFqEHLSLDQLSLDLYKGSVALRDIHLEiwsvNEVLESMESPLELVEGFVGSIEVAVPWAALLTDHCTVRVSGLQLTLQPRRGPAPGAADSQSWASCMTTSLQLAQ	1,2,3,4,5,6,7,8,9,10,11,12,13,14,15,16,17,a17-0,18,19,20,21,22,23,24,25,26,27,28,29,30,31,32,33,34,35,36,37,38,39,40,41,42,a42-0,a42-1,a42-2,a42-3,43,44,45,46,47,48,49,50,51,52,53,54,55,56,57,58,59,60,61,62,63,64,65,66,67,68,69,70,71,72,73,74,75,76,77,78,79,80,81,82,83,84,85,86,87,88,89,90,91,92,93,94,95,96,97,98,99,100,101,102,103,104,105,106,107,108,109,110,111,112,113,114,115,116	ENSP00000410522.2	known	GRCh37:11:complement(join(64684437..64684607,64681810..64681972,64681553..64681705,64681293..64681395,64680738..64680873,64680510..64680608,64679799..64679895,64679557..64679721,64679314..64679454,64678510..64678747,64678279..64678426,64678088..64678180,64677512..64677667,64677153..64677396,64676743..64676839,64676463..64676622,64675220..64675362,64674997..64675136,64674727..64674911,64674137..64674287,64673806..64674005,64673585..64673665,64673214..64673320,64673035..64673127,64671062..64671132,64670760..64670836,64669982..64670152,64669732..64669858,64669434..64669648,64668356..64668564,64667966..64668101,64666108..64666314,64665733..64665834,64665558..64665642,64665311..64665446,64665143..64665215,64664884..64664966,64664220..64664341,64663934..64664088,64662762..64662914,64662445..64662681))	11	ENSG00000110046.8	ENST00000421419.2	protein_coding	protein_coding	29028	ATG2A	XP_005273906	23130	1940	1	116
