	#TargetID	pfam_id	domain_name	E-value	BitScore	TargetStart	TargetEnd	HMM_Seq	Target_Seq	HMM_Pos	prot	pep	chromosome	chrom_num	gene	transcript	gene_biotype	transcript_biotype	hgncID	hugoSymbol	refseq	entrez	length	HMMStart	HMMEnd
0	ENSP00000316891.7	PF15949	DUF4757	6.099999999999998e-74	246.5	250	418	mlarrtsvsesktsvpfnqflpnksnessyvpaplrkkrlekeedirkswvtktspskgerkkrqlverlkeklsdderSkslsdiraeelsllsalsqvryeelqkirnqlkEeedkWqdDLarWKsrRRsassdLikKeeErkkiEkltseeeasserrks.KtfrEivee	MSARRTSHGEPKSAVPFNQYLPNKSNQTAYVPAPLRKKKAEREE-YRKSWSTATSPLGGERPFR---YGPRTPVSDDAESTSMFDMRCEEEAAVQPHSRARQEQLQLINNQLREEDDKWQDDLARWKSRRRSVSQDLIKKEEERKKMEKLLAGEDGTSERRKSiKTYREIVQE	1,2,3,4,5,6,7,8,9,10,11,12,13,14,15,16,17,18,19,20,21,22,23,24,25,26,27,28,29,30,31,32,33,34,35,36,37,38,39,40,41,42,43,44,45,46,47,48,49,50,51,52,53,54,55,56,57,58,59,60,61,62,63,64,65,66,67,68,69,70,71,72,73,74,75,76,77,78,79,80,81,82,83,84,85,86,87,88,89,90,91,92,93,94,95,96,97,98,99,100,101,102,103,104,105,106,107,108,109,110,111,112,113,114,115,116,117,118,119,120,121,122,123,124,125,126,127,128,129,130,131,132,133,134,135,136,137,138,139,140,141,142,143,144,145,146,147,148,149,150,151,152,153,154,155,156,157,158,159,160,161,162,163,a163-0,164,165,166,167,168,169,170,171,172	ENSP00000316891.7	known	GRCh37:4:join(41362858..41362953,41496553..41496623,41526426..41526495,41600937..41601043,41605892..41605922,41607911..41608021,41615483..41615678,41621205..41621457,41640949..41640984,41646517..41646643,41648140..41648297,41648502..41648910,41652410..41652625,41663437..41663527,41664838..41665001,41668578..41668683,41673571..41673611,41678396..41678479,41682023..41682115,41682972..41683076,41684350..41684477,41686414..41686535,41687727..41687847,41689857..41689934,41691544..41691652,41694299..41694401,41699177..41699202)	4	ENSG00000064042.13	ENST00000313860.7	protein_coding	protein_coding	29191	LIMCH1	NP_055803	22998	1083	1	172
1	ENSP00000317802.8	PF15949	DUF4757	1.2e-47	159.2	355	502	mlarrtsvsesktsvpfnqflpnksnessyvpaplrkkrlekeedirkswvtktspskgerkkrqlverlkeklsdderSkslsdiraeelsllsalsqvryeelqkirnqlkEeedkWqdDLarWKsrRRsassdLikKeeErkkiEkltseeeasserrksKtfrEivee	MLTRKIQSWK----------LGTTVPPISFTPGPCSEADLKRWEAIRE-------ASRLRHKKRLMVERLFQKIYGENGSKSMSDVSAEDVQ---NLRQLRYEEMQKIKSQLKEQDQKWQDDLAKWKDRRKSYTSDLQKKKEEREEIEKQALEK---S-KRSSKTFKEMLQD	1,2,3,4,5,6,7,8,9,10,11,12,13,14,15,16,17,18,19,20,21,22,23,24,25,26,27,28,29,30,31,32,33,34,35,36,37,38,39,40,41,42,43,44,45,46,47,48,49,50,51,52,53,54,55,56,57,58,59,60,61,62,63,64,65,66,67,68,69,70,71,72,73,74,75,76,77,78,79,80,81,82,83,84,85,86,87,88,89,90,91,92,93,94,95,96,97,98,99,100,101,102,103,104,105,106,107,108,109,110,111,112,113,114,115,116,117,118,119,120,121,122,123,124,125,126,127,128,129,130,131,132,133,134,135,136,137,138,139,140,141,142,143,144,145,146,147,148,149,150,151,152,153,154,155,156,157,158,159,160,161,162,163,164,165,166,167,168,169,170,171,172	ENSP00000317802.8	putative	GRCh37:13:join(76378463..76378677,76379615..76379896,76381616..76382335,76383290..76383319,76391297..76391414,76393529..76393671,76395313..76395745,76397701..76398009,76407187..76407301,76408362..76408523,76409369..76409475,76410533..76410593,76412276..76412332,76414221..76414246,76414527..76414631,76415245..76415337,76415764..76416119,76416987..76417052,76419463..76419515,76423215..76423428,76427228..76427524,76429396..76429504,76430642..76430744,76432057..76432079)	13	ENSG00000136153.15	ENST00000321797.8	protein_coding	protein_coding	6646	LMO7	XP_005266446	4008	1398	1	172
2	ENSP00000342112.4	PF15949	DUF4757	8.799999999999999e-61	202.8	294	453	mlarrtsvsesktsvpfnqflpnksnessyvpaplrkkrlekeedirkswvtktspskgerkkrqlverlkeklsdderSkslsdiraeelsllsalsqvryeelqkirnqlkEeedkWqdDLarWKsrRRsassdLikKeeErkkiEkltseeeasserrksKtfrEivee	MSYRRISAVEPKTALPFNRFLPNKSRQPSYVPAPLRKKKPDKHEDNRRSW-----ASPVYTEADGTFSRLFQKIYGENGSKSMSDVSAEDVQ---NLRQLRYEEMQKIKSQLKEQDQKWQDDLAKWKDRRKSYTSDLQKKKEEREEIEKQALEK---S-KRSSKTFKEMLQD	1,2,3,4,5,6,7,8,9,10,11,12,13,14,15,16,17,18,19,20,21,22,23,24,25,26,27,28,29,30,31,32,33,34,35,36,37,38,39,40,41,42,43,44,45,46,47,48,49,50,51,52,53,54,55,56,57,58,59,60,61,62,63,64,65,66,67,68,69,70,71,72,73,74,75,76,77,78,79,80,81,82,83,84,85,86,87,88,89,90,91,92,93,94,95,96,97,98,99,100,101,102,103,104,105,106,107,108,109,110,111,112,113,114,115,116,117,118,119,120,121,122,123,124,125,126,127,128,129,130,131,132,133,134,135,136,137,138,139,140,141,142,143,144,145,146,147,148,149,150,151,152,153,154,155,156,157,158,159,160,161,162,163,164,165,166,167,168,169,170,171,172	ENSP00000342112.4	known	GRCh37:13:join(76195830..76196004,76197407..76197456,76287318..76287388,76301165..76301234,76335068..76335174,76369537..76369567,76370772..76370885,76374820..76375018,76378425..76378677,76383290..76383319,76391297..76391414,76393529..76393671,76395313..76395745,76397701..76398009,76407187..76407301,76408362..76408523,76409369..76409475,76410533..76410593,76412276..76412332,76414221..76414246,76414527..76414631,76415245..76415337,76415764..76416119,76416987..76417052,76419463..76419515,76423215..76423428,76427228..76427524,76429396..76429504,76430642..76430744,76432057..76432079)	13	ENSG00000136153.15	ENST00000341547.4	protein_coding	protein_coding	6646	LMO7	NP_005349	4008	1349	1	172
3	ENSP00000349571.3	PF15949	DUF4757	1.2e-47	159.2	640	787	mlarrtsvsesktsvpfnqflpnksnessyvpaplrkkrlekeedirkswvtktspskgerkkrqlverlkeklsdderSkslsdiraeelsllsalsqvryeelqkirnqlkEeedkWqdDLarWKsrRRsassdLikKeeErkkiEkltseeeasserrksKtfrEivee	MLTRKIQSWK----------LGTTVPPISFTPGPCSEADLKRWEAIRE-------ASRLRHKKRLMVERLFQKIYGENGSKSMSDVSAEDVQ---NLRQLRYEEMQKIKSQLKEQDQKWQDDLAKWKDRRKSYTSDLQKKKEEREEIEKQALEK---S-KRSSKTFKEMLQD	1,2,3,4,5,6,7,8,9,10,11,12,13,14,15,16,17,18,19,20,21,22,23,24,25,26,27,28,29,30,31,32,33,34,35,36,37,38,39,40,41,42,43,44,45,46,47,48,49,50,51,52,53,54,55,56,57,58,59,60,61,62,63,64,65,66,67,68,69,70,71,72,73,74,75,76,77,78,79,80,81,82,83,84,85,86,87,88,89,90,91,92,93,94,95,96,97,98,99,100,101,102,103,104,105,106,107,108,109,110,111,112,113,114,115,116,117,118,119,120,121,122,123,124,125,126,127,128,129,130,131,132,133,134,135,136,137,138,139,140,141,142,143,144,145,146,147,148,149,150,151,152,153,154,155,156,157,158,159,160,161,162,163,164,165,166,167,168,169,170,171,172	ENSP00000349571.3	known	GRCh37:13:join(76195830..76196004,76197407..76197456,76287318..76287388,76301165..76301234,76335068..76335174,76369537..76369567,76370772..76370885,76374820..76375018,76378425..76378677,76379615..76379896,76381616..76382335,76383290..76383319,76391297..76391414,76393529..76393671,76395313..76395745,76397701..76398009,76407187..76407301,76408362..76408523,76409369..76409475,76410533..76410593,76412276..76412332,76414221..76414246,76414527..76414631,76415245..76415337,76415764..76416119,76416987..76417052,76419463..76419515,76423215..76423428,76427228..76427524,76430642..76430744,76432057..76432149)	13	ENSG00000136153.15	ENST00000357063.3	protein_coding	protein_coding	6646	LMO7	XP_005266445	4008	1670	1	172
4	ENSP00000366719.5	PF15949	DUF4757	8.799999999999999e-61	202.8	242	401	mlarrtsvsesktsvpfnqflpnksnessyvpaplrkkrlekeedirkswvtktspskgerkkrqlverlkeklsdderSkslsdiraeelsllsalsqvryeelqkirnqlkEeedkWqdDLarWKsrRRsassdLikKeeErkkiEkltseeeasserrksKtfrEivee	MSYRRISAVEPKTALPFNRFLPNKSRQPSYVPAPLRKKKPDKHEDNRRSW-----ASPVYTEADGTFSRLFQKIYGENGSKSMSDVSAEDVQ---NLRQLRYEEMQKIKSQLKEQDQKWQDDLAKWKDRRKSYTSDLQKKKEEREEIEKQALEK---S-KRSSKTFKEMLQD	1,2,3,4,5,6,7,8,9,10,11,12,13,14,15,16,17,18,19,20,21,22,23,24,25,26,27,28,29,30,31,32,33,34,35,36,37,38,39,40,41,42,43,44,45,46,47,48,49,50,51,52,53,54,55,56,57,58,59,60,61,62,63,64,65,66,67,68,69,70,71,72,73,74,75,76,77,78,79,80,81,82,83,84,85,86,87,88,89,90,91,92,93,94,95,96,97,98,99,100,101,102,103,104,105,106,107,108,109,110,111,112,113,114,115,116,117,118,119,120,121,122,123,124,125,126,127,128,129,130,131,132,133,134,135,136,137,138,139,140,141,142,143,144,145,146,147,148,149,150,151,152,153,154,155,156,157,158,159,160,161,162,163,164,165,166,167,168,169,170,171,172	ENSP00000366719.5	putative	GRCh37:13:join(76210794..76210862,76287318..76287388,76301165..76301234,76335068..76335174,76369537..76369567,76370772..76370885,76374820..76375018,76378425..76378677,76383290..76383319,76391297..76391414,76393529..76393671,76395313..76395745,76397701..76398009,76407187..76407301,76408362..76408523,76409369..76409475,76410533..76410593,76412276..76412332,76414221..76414246,76414527..76414631,76415245..76415337,76415764..76416119,76416987..76417052,76419463..76419504)	13	ENSG00000136153.15	ENST00000377499.5	protein_coding	protein_coding	6646	LMO7		4008	1044	1	172
5	ENSP00000366757.3	PF15949	DUF4757	1.2e-47	159.2	640	787	mlarrtsvsesktsvpfnqflpnksnessyvpaplrkkrlekeedirkswvtktspskgerkkrqlverlkeklsdderSkslsdiraeelsllsalsqvryeelqkirnqlkEeedkWqdDLarWKsrRRsassdLikKeeErkkiEkltseeeasserrksKtfrEivee	MLTRKIQSWK----------LGTTVPPISFTPGPCSEADLKRWEAIRE-------ASRLRHKKRLMVERLFQKIYGENGSKSMSDVSAEDVQ---NLRQLRYEEMQKIKSQLKEQDQKWQDDLAKWKDRRKSYTSDLQKKKEEREEIEKQALEK---S-KRSSKTFKEMLQD	1,2,3,4,5,6,7,8,9,10,11,12,13,14,15,16,17,18,19,20,21,22,23,24,25,26,27,28,29,30,31,32,33,34,35,36,37,38,39,40,41,42,43,44,45,46,47,48,49,50,51,52,53,54,55,56,57,58,59,60,61,62,63,64,65,66,67,68,69,70,71,72,73,74,75,76,77,78,79,80,81,82,83,84,85,86,87,88,89,90,91,92,93,94,95,96,97,98,99,100,101,102,103,104,105,106,107,108,109,110,111,112,113,114,115,116,117,118,119,120,121,122,123,124,125,126,127,128,129,130,131,132,133,134,135,136,137,138,139,140,141,142,143,144,145,146,147,148,149,150,151,152,153,154,155,156,157,158,159,160,161,162,163,164,165,166,167,168,169,170,171,172	ENSP00000366757.3	known	GRCh37:13:join(76195830..76196004,76197407..76197456,76287318..76287388,76301165..76301234,76335068..76335174,76369537..76369567,76370772..76370885,76374820..76375018,76378425..76378677,76379615..76379896,76381616..76382335,76383290..76383319,76391297..76391414,76393529..76393671,76395313..76395745,76397701..76398009,76407187..76407301,76408362..76408523,76409369..76409475,76410533..76410593,76412276..76412332,76414221..76414246,76414527..76414631,76415245..76415337,76415764..76416119,76416987..76417052,76419463..76419515,76423215..76423428,76427228..76427524,76432057..76432084)	13	ENSG00000136153.15	ENST00000377534.3	protein_coding	protein_coding	6646	LMO7		4008	1614	1	172
6	ENSP00000371172.4	PF15949	DUF4757	1.8999999999999996e-67	225.0	96	252	mlarrtsvsesktsvpfnqflpnksnessyvpaplrkkrlekeedirkswvtktspskgerkkrqlverlkeklsdderSkslsdiraeelsllsalsqvryeelqkirnqlkEeedkWqdDLarWKsrRRsassdLikKeeErkkiEkltseeeasserrks.KtfrEivee	MSARRTSHGEPKSAVPFNQYLPNKSNQTAYVPAPLRKKKAEREE-YRKSWSTATSPLGGERPFR---------------STSMFDMRCEEEAAVQPHSRARQEQLQLINNQLREEDDKWQDDLARWKSRRRSVSQDLIKKEEERKKMEKLLAGEDGTSERRKSiKTYREIVQE	1,2,3,4,5,6,7,8,9,10,11,12,13,14,15,16,17,18,19,20,21,22,23,24,25,26,27,28,29,30,31,32,33,34,35,36,37,38,39,40,41,42,43,44,45,46,47,48,49,50,51,52,53,54,55,56,57,58,59,60,61,62,63,64,65,66,67,68,69,70,71,72,73,74,75,76,77,78,79,80,81,82,83,84,85,86,87,88,89,90,91,92,93,94,95,96,97,98,99,100,101,102,103,104,105,106,107,108,109,110,111,112,113,114,115,116,117,118,119,120,121,122,123,124,125,126,127,128,129,130,131,132,133,134,135,136,137,138,139,140,141,142,143,144,145,146,147,148,149,150,151,152,153,154,155,156,157,158,159,160,161,162,163,a163-0,164,165,166,167,168,169,170,171,172	ENSP00000371172.4	known	GRCh37:4:join(41615092..41615115,41615483..41615678,41621205..41621457,41646517..41646643,41648140..41648297,41648502..41648910,41652410..41652625,41663437..41663527,41664838..41665001,41668578..41668683,41673571..41673611,41678399..41678479,41682023..41682115,41682972..41683076,41684350..41684477,41686414..41686535,41687727..41687847,41691544..41691652,41694299..41694401,41699177..41699202)	4	ENSG00000064042.13	ENST00000381753.4	protein_coding	protein_coding	29191	LIMCH1	NP_001106191	22998	890	1	172
7	ENSP00000379840.3	PF15949	DUF4757	6.099999999999998e-74	246.5	96	264	mlarrtsvsesktsvpfnqflpnksnessyvpaplrkkrlekeedirkswvtktspskgerkkrqlverlkeklsdderSkslsdiraeelsllsalsqvryeelqkirnqlkEeedkWqdDLarWKsrRRsassdLikKeeErkkiEkltseeeasserrks.KtfrEivee	MSARRTSHGEPKSAVPFNQYLPNKSNQTAYVPAPLRKKKAEREE-YRKSWSTATSPLGGERPFR---YGPRTPVSDDAESTSMFDMRCEEEAAVQPHSRARQEQLQLINNQLREEDDKWQDDLARWKSRRRSVSQDLIKKEEERKKMEKLLAGEDGTSERRKSiKTYREIVQE	1,2,3,4,5,6,7,8,9,10,11,12,13,14,15,16,17,18,19,20,21,22,23,24,25,26,27,28,29,30,31,32,33,34,35,36,37,38,39,40,41,42,43,44,45,46,47,48,49,50,51,52,53,54,55,56,57,58,59,60,61,62,63,64,65,66,67,68,69,70,71,72,73,74,75,76,77,78,79,80,81,82,83,84,85,86,87,88,89,90,91,92,93,94,95,96,97,98,99,100,101,102,103,104,105,106,107,108,109,110,111,112,113,114,115,116,117,118,119,120,121,122,123,124,125,126,127,128,129,130,131,132,133,134,135,136,137,138,139,140,141,142,143,144,145,146,147,148,149,150,151,152,153,154,155,156,157,158,159,160,161,162,163,a163-0,164,165,166,167,168,169,170,171,172	ENSP00000379840.3	known	GRCh37:4:join(41615092..41615115,41615483..41615678,41621205..41621457,41640949..41640984,41646517..41646643,41648140..41648297,41648502..41648910,41652410..41652625,41663437..41663527,41664838..41665001,41668578..41668683,41673571..41673611,41678399..41678479,41682023..41682115,41682972..41683076,41684350..41684477,41686414..41686535,41687727..41687847,41691544..41691652,41694299..41694401,41699177..41699202)	4	ENSG00000064042.13	ENST00000396595.3	protein_coding	protein_coding	29191	LIMCH1	NP_001106190	22998	902	1	172
8	ENSP00000388955.1	PF15949	DUF4757	1.2e-47	159.2	264	411	mlarrtsvsesktsvpfnqflpnksnessyvpaplrkkrlekeedirkswvtktspskgerkkrqlverlkeklsdderSkslsdiraeelsllsalsqvryeelqkirnqlkEeedkWqdDLarWKsrRRsassdLikKeeErkkiEkltseeeasserrksKtfrEivee	MLTRKIQSWK----------LGTTVPPISFTPGPCSEADLKRWEAIRE-------ASRLRHKKRLMVERLFQKIYGENGSKSMSDVSAEDVQ---NLRQLRYEEMQKIKSQLKEQDQKWQDDLAKWKDRRKSYTSDLQKKKEEREEIEKQALEK---S-KRSSKTFKEMLQD	1,2,3,4,5,6,7,8,9,10,11,12,13,14,15,16,17,18,19,20,21,22,23,24,25,26,27,28,29,30,31,32,33,34,35,36,37,38,39,40,41,42,43,44,45,46,47,48,49,50,51,52,53,54,55,56,57,58,59,60,61,62,63,64,65,66,67,68,69,70,71,72,73,74,75,76,77,78,79,80,81,82,83,84,85,86,87,88,89,90,91,92,93,94,95,96,97,98,99,100,101,102,103,104,105,106,107,108,109,110,111,112,113,114,115,116,117,118,119,120,121,122,123,124,125,126,127,128,129,130,131,132,133,134,135,136,137,138,139,140,141,142,143,144,145,146,147,148,149,150,151,152,153,154,155,156,157,158,159,160,161,162,163,164,165,166,167,168,169,170,171,172	ENSP00000388955.1	novel	GRCh37:13:join(-1..-1,76378456..76378677,76381616..76382335,76383290..76383319,76391297..76391414,76393529..76393671,76395313..76395745,76397701..76398009,76407187..76407301,76408362..76408523,76409369..76409475,76410533..76410593,76412276..76412332,76414221..76414246,76414527..76414631,76415245..76415337,76415764..76416119,76416987..76417052,76419463..76419504)	13	ENSG00000136153.15	ENST00000447038.1	protein_coding	protein_coding	6646	LMO7		4008	1054	1	172
9	ENSP00000421242.1	PF15949	DUF4757	6.099999999999998e-74	246.5	91	259	mlarrtsvsesktsvpfnqflpnksnessyvpaplrkkrlekeedirkswvtktspskgerkkrqlverlkeklsdderSkslsdiraeelsllsalsqvryeelqkirnqlkEeedkWqdDLarWKsrRRsassdLikKeeErkkiEkltseeeasserrks.KtfrEivee	MSARRTSHGEPKSAVPFNQYLPNKSNQTAYVPAPLRKKKAEREE-YRKSWSTATSPLGGERPFR---YGPRTPVSDDAESTSMFDMRCEEEAAVQPHSRARQEQLQLINNQLREEDDKWQDDLARWKSRRRSVSQDLIKKEEERKKMEKLLAGEDGTSERRKSiKTYREIVQE	1,2,3,4,5,6,7,8,9,10,11,12,13,14,15,16,17,18,19,20,21,22,23,24,25,26,27,28,29,30,31,32,33,34,35,36,37,38,39,40,41,42,43,44,45,46,47,48,49,50,51,52,53,54,55,56,57,58,59,60,61,62,63,64,65,66,67,68,69,70,71,72,73,74,75,76,77,78,79,80,81,82,83,84,85,86,87,88,89,90,91,92,93,94,95,96,97,98,99,100,101,102,103,104,105,106,107,108,109,110,111,112,113,114,115,116,117,118,119,120,121,122,123,124,125,126,127,128,129,130,131,132,133,134,135,136,137,138,139,140,141,142,143,144,145,146,147,148,149,150,151,152,153,154,155,156,157,158,159,160,161,162,163,a163-0,164,165,166,167,168,169,170,171,172	ENSP00000421242.1	known	GRCh37:4:join(41608013..41608021,41615483..41615678,41621205..41621457,41640949..41640984,41646517..41646643,41648140..41648297,41648502..41648910,41652410..41652625,41663437..41663527,41664838..41665001,41668578..41668683,41673571..41673611,41678399..41678479,41682023..41682115,41682972..41683076,41684350..41684477,41686414..41686535,41687727..41687847,41691544..41691652,41694299..41694401,41699177..41699202)	4	ENSG00000064042.13	ENST00000511496.1	protein_coding	protein_coding	29191	LIMCH1		22998	897	1	172
10	ENSP00000421656.1	PF15949	DUF4757	6.099999999999998e-74	246.5	85	253	mlarrtsvsesktsvpfnqflpnksnessyvpaplrkkrlekeedirkswvtktspskgerkkrqlverlkeklsdderSkslsdiraeelsllsalsqvryeelqkirnqlkEeedkWqdDLarWKsrRRsassdLikKeeErkkiEkltseeeasserrks.KtfrEivee	MSARRTSHGEPKSAVPFNQYLPNKSNQTAYVPAPLRKKKAEREE-YRKSWSTATSPLGGERPFR---YGPRTPVSDDAESTSMFDMRCEEEAAVQPHSRARQEQLQLINNQLREEDDKWQDDLARWKSRRRSVSQDLIKKEEERKKMEKLLAGEDGTSERRKSiKTYREIVQE	1,2,3,4,5,6,7,8,9,10,11,12,13,14,15,16,17,18,19,20,21,22,23,24,25,26,27,28,29,30,31,32,33,34,35,36,37,38,39,40,41,42,43,44,45,46,47,48,49,50,51,52,53,54,55,56,57,58,59,60,61,62,63,64,65,66,67,68,69,70,71,72,73,74,75,76,77,78,79,80,81,82,83,84,85,86,87,88,89,90,91,92,93,94,95,96,97,98,99,100,101,102,103,104,105,106,107,108,109,110,111,112,113,114,115,116,117,118,119,120,121,122,123,124,125,126,127,128,129,130,131,132,133,134,135,136,137,138,139,140,141,142,143,144,145,146,147,148,149,150,151,152,153,154,155,156,157,158,159,160,161,162,163,a163-0,164,165,166,167,168,169,170,171,172	ENSP00000421656.1	novel	GRCh37:4:join(-1..-1,41615493..41615678,41621205..41621457,41640949..41640984,41646517..41646643,41648140..41648297,41648502..41648910,41652410..41652625,41663437..41663527,41664838..41665001,41668578..41668683,41673571..41673611,41678399..41678479,41682023..41682115,41682972..41683076,41684350..41684477,41686414..41686535,41687727..41687847,41689857..41689934,41691544..41691652,41694299..41694401,41699177..41699202)	4	ENSG00000064042.13	ENST00000508466.1	protein_coding	protein_coding	29191	LIMCH1		22998	917	1	172
11	ENSP00000422864.1	PF15949	DUF4757	1.8999999999999996e-67	225.0	96	252	mlarrtsvsesktsvpfnqflpnksnessyvpaplrkkrlekeedirkswvtktspskgerkkrqlverlkeklsdderSkslsdiraeelsllsalsqvryeelqkirnqlkEeedkWqdDLarWKsrRRsassdLikKeeErkkiEkltseeeasserrks.KtfrEivee	MSARRTSHGEPKSAVPFNQYLPNKSNQTAYVPAPLRKKKAEREE-YRKSWSTATSPLGGERPFR---------------STSMFDMRCEEEAAVQPHSRARQEQLQLINNQLREEDDKWQDDLARWKSRRRSVSQDLIKKEEERKKMEKLLAGEDGTSERRKSiKTYREIVQE	1,2,3,4,5,6,7,8,9,10,11,12,13,14,15,16,17,18,19,20,21,22,23,24,25,26,27,28,29,30,31,32,33,34,35,36,37,38,39,40,41,42,43,44,45,46,47,48,49,50,51,52,53,54,55,56,57,58,59,60,61,62,63,64,65,66,67,68,69,70,71,72,73,74,75,76,77,78,79,80,81,82,83,84,85,86,87,88,89,90,91,92,93,94,95,96,97,98,99,100,101,102,103,104,105,106,107,108,109,110,111,112,113,114,115,116,117,118,119,120,121,122,123,124,125,126,127,128,129,130,131,132,133,134,135,136,137,138,139,140,141,142,143,144,145,146,147,148,149,150,151,152,153,154,155,156,157,158,159,160,161,162,163,a163-0,164,165,166,167,168,169,170,171,172	ENSP00000422864.1	novel	GRCh37:4:join(41615092..41615115,41615483..41615678,41621205..41621457,41646517..41646643,41648140..41648297,41648502..41648910,41652410..41652625,41663437..41663527,41664838..41665001,41668578..41668683,41673571..41673611,41678399..41678479,41682023..41682115,41682972..41683076,41684350..41684477,41686414..41686535,41687727..41687847,41689857..41689934,41691544..41691652,41694299..41694401,41699177..41699202)	4	ENSG00000064042.13	ENST00000509277.1	protein_coding	protein_coding	29191	LIMCH1	XP_005248134	22998	916	1	172
12	ENSP00000424437.1	PF15949	DUF4757	1.8999999999999996e-67	225.0	250	406	mlarrtsvsesktsvpfnqflpnksnessyvpaplrkkrlekeedirkswvtktspskgerkkrqlverlkeklsdderSkslsdiraeelsllsalsqvryeelqkirnqlkEeedkWqdDLarWKsrRRsassdLikKeeErkkiEkltseeeasserrks.KtfrEivee	MSARRTSHGEPKSAVPFNQYLPNKSNQTAYVPAPLRKKKAEREE-YRKSWSTATSPLGGERPFR---------------STSMFDMRCEEEAAVQPHSRARQEQLQLINNQLREEDDKWQDDLARWKSRRRSVSQDLIKKEEERKKMEKLLAGEDGTSERRKSiKTYREIVQE	1,2,3,4,5,6,7,8,9,10,11,12,13,14,15,16,17,18,19,20,21,22,23,24,25,26,27,28,29,30,31,32,33,34,35,36,37,38,39,40,41,42,43,44,45,46,47,48,49,50,51,52,53,54,55,56,57,58,59,60,61,62,63,64,65,66,67,68,69,70,71,72,73,74,75,76,77,78,79,80,81,82,83,84,85,86,87,88,89,90,91,92,93,94,95,96,97,98,99,100,101,102,103,104,105,106,107,108,109,110,111,112,113,114,115,116,117,118,119,120,121,122,123,124,125,126,127,128,129,130,131,132,133,134,135,136,137,138,139,140,141,142,143,144,145,146,147,148,149,150,151,152,153,154,155,156,157,158,159,160,161,162,163,a163-0,164,165,166,167,168,169,170,171,172	ENSP00000424437.1	known	GRCh37:4:join(41362858..41362953,41496553..41496623,41526426..41526495,41600937..41601043,41605892..41605922,41607911..41608021,41615483..41615678,41621205..41621457,41646517..41646643,41648140..41648297,41648502..41648910,41652410..41652625,41663437..41663527,41664838..41665001,41668578..41668683,41672735..41672809,41673571..41673611,41678399..41678479,41682023..41682115,41682972..41683076,41684350..41684477,41686414..41686535,41687727..41687847,41691544..41691652,41694299..41694401,41699177..41699202)	4	ENSG00000064042.13	ENST00000512820.1	protein_coding	protein_coding	29191	LIMCH1		22998	1069	1	172
13	ENSP00000424645.1	PF15949	DUF4757	6.099999999999998e-74	246.5	250	418	mlarrtsvsesktsvpfnqflpnksnessyvpaplrkkrlekeedirkswvtktspskgerkkrqlverlkeklsdderSkslsdiraeelsllsalsqvryeelqkirnqlkEeedkWqdDLarWKsrRRsassdLikKeeErkkiEkltseeeasserrks.KtfrEivee	MSARRTSHGEPKSAVPFNQYLPNKSNQTAYVPAPLRKKKAEREE-YRKSWSTATSPLGGERPFR---YGPRTPVSDDAESTSMFDMRCEEEAAVQPHSRARQEQLQLINNQLREEDDKWQDDLARWKSRRRSVSQDLIKKEEERKKMEKLLAGEDGTSERRKSiKTYREIVQE	1,2,3,4,5,6,7,8,9,10,11,12,13,14,15,16,17,18,19,20,21,22,23,24,25,26,27,28,29,30,31,32,33,34,35,36,37,38,39,40,41,42,43,44,45,46,47,48,49,50,51,52,53,54,55,56,57,58,59,60,61,62,63,64,65,66,67,68,69,70,71,72,73,74,75,76,77,78,79,80,81,82,83,84,85,86,87,88,89,90,91,92,93,94,95,96,97,98,99,100,101,102,103,104,105,106,107,108,109,110,111,112,113,114,115,116,117,118,119,120,121,122,123,124,125,126,127,128,129,130,131,132,133,134,135,136,137,138,139,140,141,142,143,144,145,146,147,148,149,150,151,152,153,154,155,156,157,158,159,160,161,162,163,a163-0,164,165,166,167,168,169,170,171,172	ENSP00000424645.1	known	GRCh37:4:join(41362858..41362953,41496553..41496623,41526426..41526495,41600937..41601043,41605892..41605922,41607911..41608021,41615483..41615678,41621205..41621457,41640949..41640984,41646517..41646643,41648140..41648297,41648502..41648910,41652410..41652625,41663437..41663527,41664838..41665001,41668578..41668683,41673571..41673611,41678396..41678479,41682023..41682115,41682972..41683076,41684350..41684477,41686414..41686535,41687727..41687847,41691544..41691652,41694299..41694401,41699177..41699202)	4	ENSG00000064042.13	ENST00000512946.1	protein_coding	protein_coding	29191	LIMCH1	NP_001106188	22998	1057	1	172
14	ENSP00000424825.1	PF15949	DUF4757	6.099999999999998e-74	246.5	250	418	mlarrtsvsesktsvpfnqflpnksnessyvpaplrkkrlekeedirkswvtktspskgerkkrqlverlkeklsdderSkslsdiraeelsllsalsqvryeelqkirnqlkEeedkWqdDLarWKsrRRsassdLikKeeErkkiEkltseeeasserrks.KtfrEivee	MSARRTSHGEPKSAVPFNQYLPNKSNQTAYVPAPLRKKKAEREE-YRKSWSTATSPLGGERPFR---YGPRTPVSDDAESTSMFDMRCEEEAAVQPHSRARQEQLQLINNQLREEDDKWQDDLARWKSRRRSVSQDLIKKEEERKKMEKLLAGEDGTSERRKSiKTYREIVQE	1,2,3,4,5,6,7,8,9,10,11,12,13,14,15,16,17,18,19,20,21,22,23,24,25,26,27,28,29,30,31,32,33,34,35,36,37,38,39,40,41,42,43,44,45,46,47,48,49,50,51,52,53,54,55,56,57,58,59,60,61,62,63,64,65,66,67,68,69,70,71,72,73,74,75,76,77,78,79,80,81,82,83,84,85,86,87,88,89,90,91,92,93,94,95,96,97,98,99,100,101,102,103,104,105,106,107,108,109,110,111,112,113,114,115,116,117,118,119,120,121,122,123,124,125,126,127,128,129,130,131,132,133,134,135,136,137,138,139,140,141,142,143,144,145,146,147,148,149,150,151,152,153,154,155,156,157,158,159,160,161,162,163,a163-0,164,165,166,167,168,169,170,171,172	ENSP00000424825.1	known	GRCh37:4:join(41362858..41362953,41496553..41496623,41526426..41526495,41600937..41601043,41605892..41605922,41607911..41608021,41615483..41615678,41621205..41621457,41640949..41640984,41646517..41646643,41648140..41648297,41648502..41648910,41652410..41652625,41663437..41663527,41664838..41665001,41668578..41668683,41673571..41673611,41678399..41678479,41682023..41682115,41682972..41683076,41684350..41684477,41686414..41686535,41687727..41687847,41691544..41691652,41694299..41694401,41699177..41699202)	4	ENSG00000064042.13	ENST00000508501.1	protein_coding	protein_coding	29191	LIMCH1	NP_001106189	22998	1056	1	172
15	ENSP00000425222.1	PF15949	DUF4757	1.8999999999999996e-67	225.0	91	247	mlarrtsvsesktsvpfnqflpnksnessyvpaplrkkrlekeedirkswvtktspskgerkkrqlverlkeklsdderSkslsdiraeelsllsalsqvryeelqkirnqlkEeedkWqdDLarWKsrRRsassdLikKeeErkkiEkltseeeasserrks.KtfrEivee	MSARRTSHGEPKSAVPFNQYLPNKSNQTAYVPAPLRKKKAEREE-YRKSWSTATSPLGGERPFR---------------STSMFDMRCEEEAAVQPHSRARQEQLQLINNQLREEDDKWQDDLARWKSRRRSVSQDLIKKEEERKKMEKLLAGEDGTSERRKSiKTYREIVQE	1,2,3,4,5,6,7,8,9,10,11,12,13,14,15,16,17,18,19,20,21,22,23,24,25,26,27,28,29,30,31,32,33,34,35,36,37,38,39,40,41,42,43,44,45,46,47,48,49,50,51,52,53,54,55,56,57,58,59,60,61,62,63,64,65,66,67,68,69,70,71,72,73,74,75,76,77,78,79,80,81,82,83,84,85,86,87,88,89,90,91,92,93,94,95,96,97,98,99,100,101,102,103,104,105,106,107,108,109,110,111,112,113,114,115,116,117,118,119,120,121,122,123,124,125,126,127,128,129,130,131,132,133,134,135,136,137,138,139,140,141,142,143,144,145,146,147,148,149,150,151,152,153,154,155,156,157,158,159,160,161,162,163,a163-0,164,165,166,167,168,169,170,171,172	ENSP00000425222.1	putative	GRCh37:4:join(41608013..41608021,41615483..41615678,41621205..41621457,41646517..41646643,41648140..41648297,41648502..41648910,41652410..41652625,41663437..41663527,41664838..41665001,41668578..41668683,41672735..41672809,41673571..41673611,41678399..41678479,41682023..41682115,41682972..41683076,41684350..41684477,41686414..41686535,41687727..41687847,41691544..41691652,41694299..41694401,41699177..41699202)	4	ENSG00000064042.13	ENST00000513024.1	protein_coding	protein_coding	29191	LIMCH1		22998	910	1	172
16	ENSP00000425631.1	PF15949	DUF4757	3e-11	38.3	91	289	mlarrtsvsesktsvpfnqflpnksnessyvpaplrkkrlekeedirkswvtktspskgerkkrqlverlkeklsdderSkslsdi.........................................raeelsllsalsqvryeelqkirnqlkEeedkWqdDLarWKsrRRsassdLikKeeErkkiEkltseeeasserrksKtfrEivee	MSARRTSHGEPKSAVPFNQYLPNKSNQTAYVPAPLRKKKAEREE-YRKSWSTATSPLGGERPFS------FPETIEEEGSEVGSAGednpagqmnpgwkpsdggcelpdgsgkehpssdgavvapapKSEEKDAAEIQKRKRLEQ-AGIKVMPAAQRFASQKQLSEEKE----AIRDIVLRKENSFLTHQHGNDSEAEGEVVCR--LPDLEKD	1,2,3,4,5,6,7,8,9,10,11,12,13,14,15,16,17,18,19,20,21,22,23,24,25,26,27,28,29,30,31,32,33,34,35,36,37,38,39,40,41,42,43,44,45,46,47,48,49,50,51,52,53,54,55,56,57,58,59,60,61,62,63,64,65,66,67,68,69,70,71,72,73,74,75,76,77,78,79,80,81,82,83,84,85,86,a86-0,a86-1,a86-2,a86-3,a86-4,a86-5,a86-6,a86-7,a86-8,a86-9,a86-10,a86-11,a86-12,a86-13,a86-14,a86-15,a86-16,a86-17,a86-18,a86-19,a86-20,a86-21,a86-22,a86-23,a86-24,a86-25,a86-26,a86-27,a86-28,a86-29,a86-30,a86-31,a86-32,a86-33,a86-34,a86-35,a86-36,a86-37,a86-38,a86-39,a86-40,87,88,89,90,91,92,93,94,95,96,97,98,99,100,101,102,103,104,105,106,107,108,109,110,111,112,113,114,115,116,117,118,119,120,121,122,123,124,125,126,127,128,129,130,131,132,133,134,135,136,137,138,139,140,141,142,143,144,145,146,147,148,149,150,151,152,153,154,155,156,157,158,159,160,161,162,163,164,165,166,167,168,169,170,171,172	ENSP00000425631.1	known	GRCh37:4:join(41608013..41608021,41615483..41615678,41621205..41621457,41622441..41622707,41628725..41629027,41631509..41631751,41633165..41633494,41634766..41634884,41634994..41635102,41635565..41635825,41640949..41640984,41646517..41646643,41648140..41648297,41648502..41648910,41652410..41652625,41663437..41663527,41664838..41665001,41668578..41668683,41673571..41673611,41678399..41678479,41682023..41682115,41682972..41683076,41684350..41684477,41686414..41686535,41687727..41687847,41689857..41689934,41691544..41691652,41694299..41694401,41699177..41699202)	4	ENSG00000064042.13	ENST00000503057.1	protein_coding	protein_coding	29191	LIMCH1	XP_005248114	22998	1467	1	172
17	ENSP00000425631.1	PF15949	DUF4757	1.8e-51	171.9	654	803	mlarrtsvsesktsvpfnqflpnksnessyvpaplrkkrlekeedirkswvtktspskgerkkrqlverlkeklsdderSkslsdiraeelsllsalsqvryeelqkirnqlkEeedkWqdDLarWKsrRRsassdLikKeeErkkiEkltseeeasserrks.KtfrEivee	MMARRTGMSLRHTG----------SNPNQFLPVPFAKQQDVEES-------SKGLPMKDQR------YGPRTPVSDDAESTSMFDMRCEEEAAVQPHSRARQEQLQLINNQLREEDDKWQDDLARWKSRRRSVSQDLIKKEEERKKMEKLLAGEDGTSERRKSiKTYREIVQE	1,2,3,4,5,6,7,8,9,10,11,12,13,14,15,16,17,18,19,20,21,22,23,24,25,26,27,28,29,30,31,32,33,34,35,36,37,38,39,40,41,42,43,44,45,46,47,48,49,50,51,52,53,54,55,56,57,58,59,60,61,62,63,64,65,66,67,68,69,70,71,72,73,74,75,76,77,78,79,80,81,82,83,84,85,86,87,88,89,90,91,92,93,94,95,96,97,98,99,100,101,102,103,104,105,106,107,108,109,110,111,112,113,114,115,116,117,118,119,120,121,122,123,124,125,126,127,128,129,130,131,132,133,134,135,136,137,138,139,140,141,142,143,144,145,146,147,148,149,150,151,152,153,154,155,156,157,158,159,160,161,162,163,a163-0,164,165,166,167,168,169,170,171,172	ENSP00000425631.1	known	GRCh37:4:join(41608013..41608021,41615483..41615678,41621205..41621457,41622441..41622707,41628725..41629027,41631509..41631751,41633165..41633494,41634766..41634884,41634994..41635102,41635565..41635825,41640949..41640984,41646517..41646643,41648140..41648297,41648502..41648910,41652410..41652625,41663437..41663527,41664838..41665001,41668578..41668683,41673571..41673611,41678399..41678479,41682023..41682115,41682972..41683076,41684350..41684477,41686414..41686535,41687727..41687847,41689857..41689934,41691544..41691652,41694299..41694401,41699177..41699202)	4	ENSG00000064042.13	ENST00000503057.1	protein_coding	protein_coding	29191	LIMCH1	XP_005248114	22998	1467	1	172
18	ENSP00000426334.1	PF15949	DUF4757	1.8999999999999996e-67	225.0	103	259	mlarrtsvsesktsvpfnqflpnksnessyvpaplrkkrlekeedirkswvtktspskgerkkrqlverlkeklsdderSkslsdiraeelsllsalsqvryeelqkirnqlkEeedkWqdDLarWKsrRRsassdLikKeeErkkiEkltseeeasserrks.KtfrEivee	MSARRTSHGEPKSAVPFNQYLPNKSNQTAYVPAPLRKKKAEREE-YRKSWSTATSPLGGERPFR---------------STSMFDMRCEEEAAVQPHSRARQEQLQLINNQLREEDDKWQDDLARWKSRRRSVSQDLIKKEEERKKMEKLLAGEDGTSERRKSiKTYREIVQE	1,2,3,4,5,6,7,8,9,10,11,12,13,14,15,16,17,18,19,20,21,22,23,24,25,26,27,28,29,30,31,32,33,34,35,36,37,38,39,40,41,42,43,44,45,46,47,48,49,50,51,52,53,54,55,56,57,58,59,60,61,62,63,64,65,66,67,68,69,70,71,72,73,74,75,76,77,78,79,80,81,82,83,84,85,86,87,88,89,90,91,92,93,94,95,96,97,98,99,100,101,102,103,104,105,106,107,108,109,110,111,112,113,114,115,116,117,118,119,120,121,122,123,124,125,126,127,128,129,130,131,132,133,134,135,136,137,138,139,140,141,142,143,144,145,146,147,148,149,150,151,152,153,154,155,156,157,158,159,160,161,162,163,a163-0,164,165,166,167,168,169,170,171,172	ENSP00000426334.1	novel	GRCh37:4:join(41614576..41614620,41615483..41615678,41621205..41621457,41646517..41646643,41648140..41648297,41648502..41648910,41652410..41652625,41663437..41663527,41664838..41665001,41668578..41668683,41673571..41673611,41678399..41678479,41682023..41682115,41682972..41683076,41684350..41684477,41686414..41686535,41687727..41687847,41691544..41691652,41694299..41694401,41699177..41699202)	4	ENSG00000064042.13	ENST00000514096.1	protein_coding	protein_coding	29191	LIMCH1		22998	897	1	172
19	ENSP00000427045.1	PF15949	DUF4757	6.099999999999998e-74	246.5	250	418	mlarrtsvsesktsvpfnqflpnksnessyvpaplrkkrlekeedirkswvtktspskgerkkrqlverlkeklsdderSkslsdiraeelsllsalsqvryeelqkirnqlkEeedkWqdDLarWKsrRRsassdLikKeeErkkiEkltseeeasserrks.KtfrEivee	MSARRTSHGEPKSAVPFNQYLPNKSNQTAYVPAPLRKKKAEREE-YRKSWSTATSPLGGERPFR---YGPRTPVSDDAESTSMFDMRCEEEAAVQPHSRARQEQLQLINNQLREEDDKWQDDLARWKSRRRSVSQDLIKKEEERKKMEKLLAGEDGTSERRKSiKTYREIVQE	1,2,3,4,5,6,7,8,9,10,11,12,13,14,15,16,17,18,19,20,21,22,23,24,25,26,27,28,29,30,31,32,33,34,35,36,37,38,39,40,41,42,43,44,45,46,47,48,49,50,51,52,53,54,55,56,57,58,59,60,61,62,63,64,65,66,67,68,69,70,71,72,73,74,75,76,77,78,79,80,81,82,83,84,85,86,87,88,89,90,91,92,93,94,95,96,97,98,99,100,101,102,103,104,105,106,107,108,109,110,111,112,113,114,115,116,117,118,119,120,121,122,123,124,125,126,127,128,129,130,131,132,133,134,135,136,137,138,139,140,141,142,143,144,145,146,147,148,149,150,151,152,153,154,155,156,157,158,159,160,161,162,163,a163-0,164,165,166,167,168,169,170,171,172	ENSP00000427045.1	novel	GRCh37:4:join(41362858..41362953,41496553..41496623,41526426..41526495,41600937..41601043,41605892..41605922,41607911..41608021,41615483..41615678,41621205..41621457,41640949..41640984,41646517..41646643,41648140..41648297,41648502..41648910,41652410..41652625,41663437..41663527,41664838..41665001,41682023..41682115,41682972..41683076,41684350..41684477,41686414..41686535,41687727..41687847,41691544..41691652,41694299..41694401,41699177..41699202)	4	ENSG00000064042.13	ENST00000512632.1	protein_coding	protein_coding	29191	LIMCH1		22998	980	1	172
20	ENSP00000431129.1	PF15949	DUF4757	4.1999999999999996e-55	183.9	203	352	mlarrtsvsesktsvpfnqflpnksnessyvpaplrkkrlekeedirkswvtktspskgerkkrqlverlkeklsdderSkslsdiraeelsllsalsqvryeelqkirnqlkEeedkWqdDLarWKsrRRsassdLikKeeErkkiEkltseeeasserrksKtfrEivee	MSYRRISAVEPKTALPFNRFLPNKSRQPSYVPAPLRKKKPDKHEDNRRSW-----ASPVYTEADGTFS----------RSKSMSDVSAEDVQ---NLRQLRYEEMQKIKSQLKEQDQKWQDDLAKWKDRRKSYTSDLQKKKEEREEIEKQALEK---S-KRSSKTFKEMLQD	1,2,3,4,5,6,7,8,9,10,11,12,13,14,15,16,17,18,19,20,21,22,23,24,25,26,27,28,29,30,31,32,33,34,35,36,37,38,39,40,41,42,43,44,45,46,47,48,49,50,51,52,53,54,55,56,57,58,59,60,61,62,63,64,65,66,67,68,69,70,71,72,73,74,75,76,77,78,79,80,81,82,83,84,85,86,87,88,89,90,91,92,93,94,95,96,97,98,99,100,101,102,103,104,105,106,107,108,109,110,111,112,113,114,115,116,117,118,119,120,121,122,123,124,125,126,127,128,129,130,131,132,133,134,135,136,137,138,139,140,141,142,143,144,145,146,147,148,149,150,151,152,153,154,155,156,157,158,159,160,161,162,163,164,165,166,167,168,169,170,171,172	ENSP00000431129.1	novel	GRCh37:13:join(76334875..76334967,76335068..76335174,76369537..76369567,76370772..76370885,76374820..76375018,76378425..76378677,76391297..76391414,76393529..76393671,76395313..76395745,76397701..76398009,76407187..76407301,76408362..76408523,76409288..76409475,76410533..76410593,76412276..76412332,76414221..76414246,76414527..76414631,76415245..76415337,76415764..76416119,76416987..76417052,76419463..76419515,76423215..76423428,76427228..76427524,76429396..76429504,76430642..76430744,76432057..76432079)	13	ENSG00000136153.15	ENST00000526202.1	protein_coding	protein_coding	6646	LMO7	XP_005266451	4008	1275	1	172
21	ENSP00000433352.1	PF15949	DUF4757	1.2e-47	159.2	355	502	mlarrtsvsesktsvpfnqflpnksnessyvpaplrkkrlekeedirkswvtktspskgerkkrqlverlkeklsdderSkslsdiraeelsllsalsqvryeelqkirnqlkEeedkWqdDLarWKsrRRsassdLikKeeErkkiEkltseeeasserrksKtfrEivee	MLTRKIQSWK----------LGTTVPPISFTPGPCSEADLKRWEAIRE-------ASRLRHKKRLMVERLFQKIYGENGSKSMSDVSAEDVQ---NLRQLRYEEMQKIKSQLKEQDQKWQDDLAKWKDRRKSYTSDLQKKKEEREEIEKQALEK---S-KRSSKTFKEMLQD	1,2,3,4,5,6,7,8,9,10,11,12,13,14,15,16,17,18,19,20,21,22,23,24,25,26,27,28,29,30,31,32,33,34,35,36,37,38,39,40,41,42,43,44,45,46,47,48,49,50,51,52,53,54,55,56,57,58,59,60,61,62,63,64,65,66,67,68,69,70,71,72,73,74,75,76,77,78,79,80,81,82,83,84,85,86,87,88,89,90,91,92,93,94,95,96,97,98,99,100,101,102,103,104,105,106,107,108,109,110,111,112,113,114,115,116,117,118,119,120,121,122,123,124,125,126,127,128,129,130,131,132,133,134,135,136,137,138,139,140,141,142,143,144,145,146,147,148,149,150,151,152,153,154,155,156,157,158,159,160,161,162,163,164,165,166,167,168,169,170,171,172	ENSP00000433352.1	known	GRCh37:13:join(76378463..76378677,76379615..76379896,76381616..76382335,76383290..76383319,76391297..76391414,76393529..76393671,76395313..76395745,76397701..76398009,76407187..76407301,76408362..76408523,76409369..76409475,76410533..76410593,76412276..76412332,76414221..76414246,76414527..76414631,76415245..76415337,76415764..76416119,76416987..76417052,76419463..76419515,76423215..76423428,76427228..76427524,76430642..76430744,76432057..76432149)	13	ENSG00000136153.15	ENST00000465261.2	protein_coding	protein_coding	6646	LMO7	NP_056667	4008	1385	1	172
