	#TargetID	pfam_id	domain_name	E-value	BitScore	TargetStart	TargetEnd	HMM_Seq	Target_Seq	HMM_Pos	prot	pep	chromosome	chrom_num	gene	transcript	gene_biotype	transcript_biotype	hgncID	hugoSymbol	refseq	entrez	length	HMMStart	HMMEnd
0	ENSP00000007722.7	PF01839	FG-GAP	7.999999999999999e-15	50.2	307	345	fGyslavgDvNGDGyaDLavGApeskggayg..GaVyvl	FGSAIALADLNNDGWQDLLVGAPYYFERKEEvgGAIYVF	1,2,3,4,5,6,7,8,9,10,11,12,13,14,15,16,17,18,19,20,21,22,23,24,25,26,27,28,29,30,31,a31-0,a31-1,32,33,34,35,36,37	ENSP00000007722.7	known	GRCh37:17:join(48133804..48134009,48141441..48141568,48141892..48141971,48145420..48145669,48148208..48148294,48148675..48148882,48149350..48149546,48151280..48151368,48151508..48151644,48151812..48151898,48152823..48152890,48152963..48153099,48153690..48153839,48153948..48154045,48154338..48154485,48154743..48154811,48155410..48155489,48155571..48155648,48156188..48156290,48156440..48156622,48156799..48156921,48157626..48157739,48158674..48158772,48165108..48165233,48166474..48166629)	17	ENSG00000005884.13	ENST00000007722.7	protein_coding	protein_coding	6139	ITGA3		3675	1066	1	37
1	ENSP00000007722.7	PF01839	FG-GAP	8e-12	40.2	370	402	fGyslavgDvNGDGyaDLavGApeskggaygGaVyvl	GLSVASIGDINQDGFQDIAVG----APFEGLGKVYIY	1,2,3,4,5,6,7,8,9,10,11,12,13,14,15,16,17,18,19,20,21,22,23,24,25,26,27,28,29,30,31,32,33,34,35,36,37	ENSP00000007722.7	known	GRCh37:17:join(48133804..48134009,48141441..48141568,48141892..48141971,48145420..48145669,48148208..48148294,48148675..48148882,48149350..48149546,48151280..48151368,48151508..48151644,48151812..48151898,48152823..48152890,48152963..48153099,48153690..48153839,48153948..48154045,48154338..48154485,48154743..48154811,48155410..48155489,48155571..48155648,48156188..48156290,48156440..48156622,48156799..48156921,48157626..48157739,48158674..48158772,48165108..48165233,48166474..48166629)	17	ENSG00000005884.13	ENST00000007722.7	protein_coding	protein_coding	6139	ITGA3		3675	1066	1	37
2	ENSP00000230036.1	PF01839	FG-GAP	1.2e-10	36.3	381	419	fGyslavgDvNGDGyaDLavGA.peskggayg.GaVyvl	LGWAMTSADLNQDGHGDLVVGApGYSRPGHIHiGRVYLI	1,2,3,4,5,6,7,8,9,10,11,12,13,14,15,16,17,18,19,20,21,22,a22-0,23,24,25,26,27,28,29,30,31,a31-0,32,33,34,35,36,37	ENSP00000230036.1	known	GRCh37:6:complement(join(24489643..24489739,24486303..24486358,24480109..24480187,24476409..24476506,24475349..24475459,24473847..24473895,24472810..24472864,24467395..24467502,24467140..24467167,24466908..24467047,24462958..24463023,24460507..24460627,24456726..24456865,24454243..24454429,24450017..24450127,24448362..24448436,24448105..24448261,24447066..24447207,24445954..24446059,24445774..24445867,24437341..24437517,24436804..24436964,24433591..24433617,24433415..24433465,24429260..24429346))	6	ENSG00000112293.10	ENST00000230036.1	protein_coding	protein_coding	4459	GPLD1	NP_001494	2822	840	1	37
3	ENSP00000230036.1	PF01839	FG-GAP	7.200000000000001e-14	47.0	450	488	fGyslavgDvNGDGyaDLavGApe..skggaygGaVyvl	FGSALAVLDFNVDGVPDLAVGAPSvgSEQLTYKGAVYVY	1,2,3,4,5,6,7,8,9,10,11,12,13,14,15,16,17,18,19,20,21,22,23,24,a24-0,a24-1,25,26,27,28,29,30,31,32,33,34,35,36,37	ENSP00000230036.1	known	GRCh37:6:complement(join(24489643..24489739,24486303..24486358,24480109..24480187,24476409..24476506,24475349..24475459,24473847..24473895,24472810..24472864,24467395..24467502,24467140..24467167,24466908..24467047,24462958..24463023,24460507..24460627,24456726..24456865,24454243..24454429,24450017..24450127,24448362..24448436,24448105..24448261,24447066..24447207,24445954..24446059,24445774..24445867,24437341..24437517,24436804..24436964,24433591..24433617,24433415..24433465,24429260..24429346))	6	ENSG00000112293.10	ENST00000230036.1	protein_coding	protein_coding	4459	GPLD1	NP_001494	2822	840	1	37
4	ENSP00000230036.1	PF01839	FG-GAP	6.5e-11	37.2	513	550	fGyslavgDvNGDGyaDLavGApeskggayg.GaVyvl	LGWTLLAADVNGDSEPDLVIGSPFAPGGGKQkGIVAAF	1,2,3,4,5,6,7,8,9,10,11,12,13,14,15,16,17,18,19,20,21,22,23,24,25,26,27,28,29,30,31,a31-0,32,33,34,35,36,37	ENSP00000230036.1	known	GRCh37:6:complement(join(24489643..24489739,24486303..24486358,24480109..24480187,24476409..24476506,24475349..24475459,24473847..24473895,24472810..24472864,24467395..24467502,24467140..24467167,24466908..24467047,24462958..24463023,24460507..24460627,24456726..24456865,24454243..24454429,24450017..24450127,24448362..24448436,24448105..24448261,24447066..24447207,24445954..24446059,24445774..24445867,24437341..24437517,24436804..24436964,24433591..24433617,24433415..24433465,24429260..24429346))	6	ENSG00000112293.10	ENST00000230036.1	protein_coding	protein_coding	4459	GPLD1	NP_001494	2822	840	1	37
5	ENSP00000230036.1	PF01839	FG-GAP	1e-06	23.3	718	761	fGyslavgDvNGDGyaDLavGA........peskggaygGaVyvl	FGGVLHLSDLDDDGLDEIIMAAplriadvtSG-LIGGEDGRVYVY	1,2,3,4,5,6,7,8,9,10,11,12,13,14,15,16,17,18,19,20,21,22,a22-0,a22-1,a22-2,a22-3,a22-4,a22-5,a22-6,a22-7,23,24,25,26,27,28,29,30,31,32,33,34,35,36,37	ENSP00000230036.1	known	GRCh37:6:complement(join(24489643..24489739,24486303..24486358,24480109..24480187,24476409..24476506,24475349..24475459,24473847..24473895,24472810..24472864,24467395..24467502,24467140..24467167,24466908..24467047,24462958..24463023,24460507..24460627,24456726..24456865,24454243..24454429,24450017..24450127,24448362..24448436,24448105..24448261,24447066..24447207,24445954..24446059,24445774..24445867,24437341..24437517,24436804..24436964,24433591..24433617,24433415..24433465,24429260..24429346))	6	ENSG00000112293.10	ENST00000230036.1	protein_coding	protein_coding	4459	GPLD1	NP_001494	2822	840	1	37
6	ENSP00000233573.6	PF01839	FG-GAP	1.1e-13	46.4	306	342	fGyslavgDvNGDGyaDLavGApeskggayg..GaVyvl	FGASVCAVDLNADGFSDLLVGAPM--QSTIReeGRVFVY	1,2,3,4,5,6,7,8,9,10,11,12,13,14,15,16,17,18,19,20,21,22,23,24,25,26,27,28,29,30,31,a31-0,a31-1,32,33,34,35,36,37	ENSP00000233573.6	novel	GRCh37:2:join(182322382..182322578,182322923..182323044,182339687..182339793,182339886..182340015,182343484..182343551,182344864..182344993,182346325..182346410,182347087..182347149,182347241..182347378,182350608..182350719,182358052..182358146,182359449..182359539,182360098..182360143,182360510..182360664,182363350..182363504,182374385..182374532)	2	ENSG00000115232.9	ENST00000233573.6	protein_coding	protein_coding	6140	ITGA4		3676	613	1	37
7	ENSP00000233573.6	PF01839	FG-GAP	1.2e-10	36.2	369	403	fGyslavgDvNGDGyaDLavGApeskggayg..GaVyvl	GESIVNLGDIDNDGFEDVAIG----APQEDDlqGAIYIY	1,2,3,4,5,6,7,8,9,10,11,12,13,14,15,16,17,18,19,20,21,22,23,24,25,26,27,28,29,30,31,a31-0,a31-1,32,33,34,35,36,37	ENSP00000233573.6	novel	GRCh37:2:join(182322382..182322578,182322923..182323044,182339687..182339793,182339886..182340015,182343484..182343551,182344864..182344993,182346325..182346410,182347087..182347149,182347241..182347378,182350608..182350719,182358052..182358146,182359449..182359539,182360098..182360143,182360510..182360664,182363350..182363504,182374385..182374532)	2	ENSG00000115232.9	ENST00000233573.6	protein_coding	protein_coding	6140	ITGA4		3676	613	1	37
8	ENSP00000257879.6	PF01839	FG-GAP	6.3e-17	57.1	320	358	fGyslavgDvNGDGyaDLavGApeskggayg..GaVyvl	FGYSLAVADLNSDGWPDLIVGAPYFFERQEElgGAVYVY	1,2,3,4,5,6,7,8,9,10,11,12,13,14,15,16,17,18,19,20,21,22,23,24,25,26,27,28,29,30,31,a31-0,a31-1,32,33,34,35,36,37	ENSP00000257879.6	known	GRCh37:12:complement(join(56101261..56101466,56096835..56096962,56096656..56096735,56094683..56094938,56093654..56093773,56092494..56092701,56092167..56092360,56091722..56091810,56091479..56091606,56091235..56091330,56091000..56091061,56090683..56090852,56090067..56090216,56089306..56089421,56088562..56088754,56088399..56088479,56088227..56088306,56088040..56088114,56087805..56087907,56086925..56087101,56086628..56086759,56082628..56082741,56081986..56082084,56081755..56081880,56078842..56079072))	12	ENSG00000135424.11	ENST00000257879.6	protein_coding	protein_coding	6143	ITGA7	NP_002197	3679	1137	1	37
9	ENSP00000257879.6	PF01839	FG-GAP	1.2e-12	43.0	381	414	fGyslavg.DvNGDGyaDLavGApeskggaygGaVyvl	FGISLAVLgDLNQDGFPDIAVG----APFDGDGKVFIY	1,2,3,4,5,6,7,8,a8-0,9,10,11,12,13,14,15,16,17,18,19,20,21,22,23,24,25,26,27,28,29,30,31,32,33,34,35,36,37	ENSP00000257879.6	known	GRCh37:12:complement(join(56101261..56101466,56096835..56096962,56096656..56096735,56094683..56094938,56093654..56093773,56092494..56092701,56092167..56092360,56091722..56091810,56091479..56091606,56091235..56091330,56091000..56091061,56090683..56090852,56090067..56090216,56089306..56089421,56088562..56088754,56088399..56088479,56088227..56088306,56088040..56088114,56087805..56087907,56086925..56087101,56086628..56086759,56082628..56082741,56081986..56082084,56081755..56081880,56078842..56079072))	12	ENSG00000135424.11	ENST00000257879.6	protein_coding	protein_coding	6143	ITGA7	NP_002197	3679	1137	1	37
10	ENSP00000257880.7	PF01839	FG-GAP	6.3e-17	57.1	364	402	fGyslavgDvNGDGyaDLavGApeskggayg..GaVyvl	FGYSLAVADLNSDGWPDLIVGAPYFFERQEElgGAVYVY	1,2,3,4,5,6,7,8,9,10,11,12,13,14,15,16,17,18,19,20,21,22,23,24,25,26,27,28,29,30,31,a31-0,a31-1,32,33,34,35,36,37	ENSP00000257880.7	known	GRCh37:12:complement(join(56101261..56101466,56096835..56096962,56096656..56096735,56094683..56094938,56094046..56094177,56093654..56093773,56092494..56092701,56092167..56092360,56091722..56091810,56091479..56091606,56091235..56091330,56091000..56091061,56090683..56090852,56090067..56090216,56089306..56089421,56088562..56088754,56088399..56088479,56088227..56088306,56088040..56088114,56087805..56087907,56086925..56087101,56086628..56086759,56082628..56082741,56081986..56082084,56081755..56081880,56079986..56080098,56079012..56079072))	12	ENSG00000135424.11	ENST00000257880.7	protein_coding	protein_coding	6143	ITGA7	XP_005268898	3679	1162	1	37
11	ENSP00000257880.7	PF01839	FG-GAP	1.2e-12	43.0	425	458	fGyslavg.DvNGDGyaDLavGApeskggaygGaVyvl	FGISLAVLgDLNQDGFPDIAVG----APFDGDGKVFIY	1,2,3,4,5,6,7,8,a8-0,9,10,11,12,13,14,15,16,17,18,19,20,21,22,23,24,25,26,27,28,29,30,31,32,33,34,35,36,37	ENSP00000257880.7	known	GRCh37:12:complement(join(56101261..56101466,56096835..56096962,56096656..56096735,56094683..56094938,56094046..56094177,56093654..56093773,56092494..56092701,56092167..56092360,56091722..56091810,56091479..56091606,56091235..56091330,56091000..56091061,56090683..56090852,56090067..56090216,56089306..56089421,56088562..56088754,56088399..56088479,56088227..56088306,56088040..56088114,56087805..56087907,56086925..56087101,56086628..56086759,56082628..56082741,56081986..56082084,56081755..56081880,56079986..56080098,56079012..56079072))	12	ENSG00000135424.11	ENST00000257880.7	protein_coding	protein_coding	6143	ITGA7	XP_005268898	3679	1162	1	37
12	ENSP00000261023.3	PF01839	FG-GAP	8.7e-12	40.1	252	286	fGyslavgDvNGDGyaDLavGApeskggayg..GaVyvl	LGYSVAVGDFNGDGIDDFVSG----VPRAARtlGMVYIY	1,2,3,4,5,6,7,8,9,10,11,12,13,14,15,16,17,18,19,20,21,22,23,24,25,26,27,28,29,30,31,a31-0,a31-1,32,33,34,35,36,37	ENSP00000261023.3	known	GRCh37:2:join(187455066..187455250,187466748..187466878,187487066..187487157,187490200..187490314,187495524..187495585,187498056..187498101,187500809..187500934,187501792..187501836,187503004..187503047,187503136..187503192,187505642..187505694,187506113..187506315,187511413..187511604,187514567..187514612,187516709..187516816,187519377..187519435,187520974..187521128,187523765..187523902,187528495..187528562,187529221..187529368,187529853..187529945,187531431..187531510,187531877..187531957,187532398..187532503,187533489..187533647,187534428..187534541,187540331..187540444,187540547..187540654,187541540..187541662,187541924..187542019)	2	ENSG00000138448.7	ENST00000261023.3	protein_coding	protein_coding	6150	ITGAV	NP_002201	3685	1048	1	37
13	ENSP00000261023.3	PF01839	FG-GAP	6.4e-11	37.2	306	348	fGyslavgDvNGDGyaDLavGA..pe...skggayg.GaVyvl	FGFSVAATDINGDDYADVFIGAplFMdrgSDGKLQEvGQVSVS	1,2,3,4,5,6,7,8,9,10,11,12,13,14,15,16,17,18,19,20,21,22,a22-0,a22-1,23,24,a24-0,a24-1,a24-2,25,26,27,28,29,30,31,a31-0,32,33,34,35,36,37	ENSP00000261023.3	known	GRCh37:2:join(187455066..187455250,187466748..187466878,187487066..187487157,187490200..187490314,187495524..187495585,187498056..187498101,187500809..187500934,187501792..187501836,187503004..187503047,187503136..187503192,187505642..187505694,187506113..187506315,187511413..187511604,187514567..187514612,187516709..187516816,187519377..187519435,187520974..187521128,187523765..187523902,187528495..187528562,187529221..187529368,187529853..187529945,187531431..187531510,187531877..187531957,187532398..187532503,187533489..187533647,187534428..187534541,187540331..187540444,187540547..187540654,187541540..187541662,187541924..187542019)	2	ENSG00000138448.7	ENST00000261023.3	protein_coding	protein_coding	6150	ITGAV	NP_002201	3685	1048	1	37
14	ENSP00000261023.3	PF01839	FG-GAP	1.9e-11	38.9	370	406	fGyslavg.DvNGDGyaDLavGApeskggayg.GaVyvl	FGSAIAPLgDLDQDGFNDIAIAAPY--GGEDKkGIVYIF	1,2,3,4,5,6,7,8,a8-0,9,10,11,12,13,14,15,16,17,18,19,20,21,22,23,24,25,26,27,28,29,30,31,a31-0,32,33,34,35,36,37	ENSP00000261023.3	known	GRCh37:2:join(187455066..187455250,187466748..187466878,187487066..187487157,187490200..187490314,187495524..187495585,187498056..187498101,187500809..187500934,187501792..187501836,187503004..187503047,187503136..187503192,187505642..187505694,187506113..187506315,187511413..187511604,187514567..187514612,187516709..187516816,187519377..187519435,187520974..187521128,187523765..187523902,187528495..187528562,187529221..187529368,187529853..187529945,187531431..187531510,187531877..187531957,187532398..187532503,187533489..187533647,187534428..187534541,187540331..187540444,187540547..187540654,187541540..187541662,187541924..187542019)	2	ENSG00000138448.7	ENST00000261023.3	protein_coding	protein_coding	6150	ITGAV	NP_002201	3685	1048	1	37
15	ENSP00000262407.5	PF01839	FG-GAP	2.9e-13	45.0	320	362	fGyslavgDvNGDGyaDLavGApeskggayg......GaVyvl	FGHSVAVTDVNGDGRHDLLVGAPLYMESRADrklaevGRVYLF	1,2,3,4,5,6,7,8,9,10,11,12,13,14,15,16,17,18,19,20,21,22,23,24,25,26,27,28,29,30,31,a31-0,a31-1,a31-2,a31-3,a31-4,a31-5,32,33,34,35,36,37	ENSP00000262407.5	known	GRCh37:17:complement(join(42466654..42466841,42463378..42463499,42463192..42463289,42462919..42463084,42462654..42462703,42462532..42462577,42462316..42462444,42461906..42461953,42461679..42461722,42461453..42461506,42461262..42461314,42460861..42461072,42458247..42458429,42457968..42458013,42457754..42457858,42457614..42457669,42457370..42457521,42457057..42457182,42456011..42456078,42455730..42455877,42455066..42455158,42454377..42454456,42453676..42453756,42453453..42453552,42453201..42453353,42452959..42453084,42452366..42452479,42452027..42452128,42451722..42451838,42449732..42449791))	17	ENSG00000005961.13	ENST00000262407.5	protein_coding	protein_coding	6138	ITGA2B	NP_000410	3674	1039	1	37
16	ENSP00000262407.5	PF01839	FG-GAP	7.6e-10	33.6	387	423	fGyslavg.DvNGDGyaDLavGApeskggaygGaVyvl	FGSAIAPLgDLDRDGYNDIAVAAPY-GGPSGRGQVLVF	1,2,3,4,5,6,7,8,a8-0,9,10,11,12,13,14,15,16,17,18,19,20,21,22,23,24,25,26,27,28,29,30,31,32,33,34,35,36,37	ENSP00000262407.5	known	GRCh37:17:complement(join(42466654..42466841,42463378..42463499,42463192..42463289,42462919..42463084,42462654..42462703,42462532..42462577,42462316..42462444,42461906..42461953,42461679..42461722,42461453..42461506,42461262..42461314,42460861..42461072,42458247..42458429,42457968..42458013,42457754..42457858,42457614..42457669,42457370..42457521,42457057..42457182,42456011..42456078,42455730..42455877,42455066..42455158,42454377..42454456,42453676..42453756,42453453..42453552,42453201..42453353,42452959..42453084,42452366..42452479,42452027..42452128,42451722..42451838,42449732..42449791))	17	ENSG00000005961.13	ENST00000262407.5	protein_coding	protein_coding	6138	ITGA2B	NP_000410	3674	1039	1	37
17	ENSP00000262407.5	PF01839	FG-GAP	4.9e-07	24.3	448	479	fGyslavg.DvNGDGyaDLavGApeskggaygGaVyvl	FGFSLRGAvDIDDNGYPDLIVG----AYGANQ--VAVY	1,2,3,4,5,6,7,8,a8-0,9,10,11,12,13,14,15,16,17,18,19,20,21,22,23,24,25,26,27,28,29,30,31,32,33,34,35,36,37	ENSP00000262407.5	known	GRCh37:17:complement(join(42466654..42466841,42463378..42463499,42463192..42463289,42462919..42463084,42462654..42462703,42462532..42462577,42462316..42462444,42461906..42461953,42461679..42461722,42461453..42461506,42461262..42461314,42460861..42461072,42458247..42458429,42457968..42458013,42457754..42457858,42457614..42457669,42457370..42457521,42457057..42457182,42456011..42456078,42455730..42455877,42455066..42455158,42454377..42454456,42453676..42453756,42453453..42453552,42453201..42453353,42452959..42453084,42452366..42452479,42452027..42452128,42451722..42451838,42449732..42449791))	17	ENSG00000005961.13	ENST00000262407.5	protein_coding	protein_coding	6138	ITGA2B	NP_000410	3674	1039	1	37
18	ENSP00000263087.4	PF01839	FG-GAP	1.1000000000000001e-10	36.4	514	551	fGyslavgDvNGDGyaDLavGA.peskggaygGaVyvl	FGSELCPVDIDMDGSTDFLLVAaPFYHVHGEEGRVYVY	1,2,3,4,5,6,7,8,9,10,11,12,13,14,15,16,17,18,19,20,21,22,a22-0,23,24,25,26,27,28,29,30,31,32,33,34,35,36,37	ENSP00000263087.4	known	GRCh37:17:complement(join(3704405..3704438,3680834..3680954,3667163..3667254,3665209..3665276,3664697..3664814,3664307..3664471,3663466..3663581,3662696..3662847,3661000..3661153,3660278..3660428,3659124..3659191,3658411..3658555,3657077..3657219,3656584..3656724,3654944..3655168,3653646..3653776,3651216..3651346,3649058..3649221,3646783..3646911,3643099..3643172,3638111..3638243,3635662..3635760,3634398..3634477,3632772..3632849,3631399..3631462,3631213..3631320,3626982..3627038,3626582..3626677,3623601..3623696,3619982..3620092,3618141..3618236))	17	ENSG00000083457.7	ENST00000263087.4	protein_coding	protein_coding	6147	ITGAE	NP_002199	3682	1179	1	37
19	ENSP00000263087.4	PF01839	FG-GAP	5.6000000000000005e-09	30.7	577	618	fGyslavg.DvNGDGyaDLavGA....peskggaygGaVyvl	FGFAMAAMgDLSQDKLTDVAIGAplegFGADDGASFGSVYIY	1,2,3,4,5,6,7,8,a8-0,9,10,11,12,13,14,15,16,17,18,19,20,21,22,a22-0,a22-1,a22-2,a22-3,23,24,25,26,27,28,29,30,31,32,33,34,35,36,37	ENSP00000263087.4	known	GRCh37:17:complement(join(3704405..3704438,3680834..3680954,3667163..3667254,3665209..3665276,3664697..3664814,3664307..3664471,3663466..3663581,3662696..3662847,3661000..3661153,3660278..3660428,3659124..3659191,3658411..3658555,3657077..3657219,3656584..3656724,3654944..3655168,3653646..3653776,3651216..3651346,3649058..3649221,3646783..3646911,3643099..3643172,3638111..3638243,3635662..3635760,3634398..3634477,3632772..3632849,3631399..3631462,3631213..3631320,3626982..3627038,3626582..3626677,3623601..3623696,3619982..3620092,3618141..3618236))	17	ENSG00000083457.7	ENST00000263087.4	protein_coding	protein_coding	6147	ITGAE	NP_002199	3682	1179	1	37
20	ENSP00000264106.6	PF01839	FG-GAP	1.7e-14	49.0	355	393	fGyslavgDvNGDGyaDLavGApe..skggaygGaVyvl	FGYDVAVVDLNKDGWQDIVIGAPQyfDRDGEVGGAVYVY	1,2,3,4,5,6,7,8,9,10,11,12,13,14,15,16,17,18,19,20,21,22,23,24,a24-0,a24-1,25,26,27,28,29,30,31,32,33,34,35,36,37	ENSP00000264106.6	known	GRCh37:2:join(173292517..173292698,173330267..173330391,173332209..173332288,173333853..173334108,173335702..173335833,173337502..173337618,173338783..173338993,173339657..173339850,173340325..173340413,173341123..173341241,173344369..173344467,173344718..173344779,173349510..173349670,173349849..173349992,173351751..173351866,173351992..173352181,173352275..173352358,173352456..173352535,173352689..173352766,173352854..173352956,173354213..173354386,173355752..173355850,173355949..173356059,173356153..173356251,173362703..173362828,173368819..173368980)	2	ENSG00000091409.10	ENST00000264106.6	protein_coding	protein_coding	6142	ITGA6		3655	1130	1	37
21	ENSP00000264106.6	PF01839	FG-GAP	1.3e-07	26.2	416	449	fGyslavg.DvNGDGyaDLavGApeskggaygGaVyvl	FGIAVKNIgDINQDGYPDIAVG----APYDDLGKVFIY	1,2,3,4,5,6,7,8,a8-0,9,10,11,12,13,14,15,16,17,18,19,20,21,22,23,24,25,26,27,28,29,30,31,32,33,34,35,36,37	ENSP00000264106.6	known	GRCh37:2:join(173292517..173292698,173330267..173330391,173332209..173332288,173333853..173334108,173335702..173335833,173337502..173337618,173338783..173338993,173339657..173339850,173340325..173340413,173341123..173341241,173344369..173344467,173344718..173344779,173349510..173349670,173349849..173349992,173351751..173351866,173351992..173352181,173352275..173352358,173352456..173352535,173352689..173352766,173352854..173352956,173354213..173354386,173355752..173355850,173355949..173356059,173356153..173356251,173362703..173362828,173368819..173368980)	2	ENSG00000091409.10	ENST00000264106.6	protein_coding	protein_coding	6142	ITGA6		3655	1130	1	37
22	ENSP00000264107.7	PF01839	FG-GAP	1.7e-14	49.0	316	354	fGyslavgDvNGDGyaDLavGApe..skggaygGaVyvl	FGYDVAVVDLNKDGWQDIVIGAPQyfDRDGEVGGAVYVY	1,2,3,4,5,6,7,8,9,10,11,12,13,14,15,16,17,18,19,20,21,22,23,24,a24-0,a24-1,25,26,27,28,29,30,31,32,33,34,35,36,37	ENSP00000264107.7	known	GRCh37:2:join(173292517..173292698,173330267..173330391,173332209..173332288,173333853..173334108,173335702..173335833,173338783..173338993,173339657..173339850,173340325..173340413,173341123..173341241,173344369..173344467,173344718..173344779,173349510..173349670,173349849..173349992,173351751..173351866,173351992..173352181,173352275..173352358,173352456..173352535,173352689..173352766,173352854..173352956,173354213..173354386,173355752..173355850,173355949..173356059,173356153..173356251,173362703..173362828,173366500..173366607)	2	ENSG00000091409.10	ENST00000264107.7	protein_coding	protein_coding	6142	ITGA6	NP_000201	3655	1073	1	37
23	ENSP00000264107.7	PF01839	FG-GAP	1.3e-07	26.2	377	410	fGyslavg.DvNGDGyaDLavGApeskggaygGaVyvl	FGIAVKNIgDINQDGYPDIAVG----APYDDLGKVFIY	1,2,3,4,5,6,7,8,a8-0,9,10,11,12,13,14,15,16,17,18,19,20,21,22,23,24,25,26,27,28,29,30,31,32,33,34,35,36,37	ENSP00000264107.7	known	GRCh37:2:join(173292517..173292698,173330267..173330391,173332209..173332288,173333853..173334108,173335702..173335833,173338783..173338993,173339657..173339850,173340325..173340413,173341123..173341241,173344369..173344467,173344718..173344779,173349510..173349670,173349849..173349992,173351751..173351866,173351992..173352181,173352275..173352358,173352456..173352535,173352689..173352766,173352854..173352956,173354213..173354386,173355752..173355850,173355949..173356059,173356153..173356251,173362703..173362828,173366500..173366607)	2	ENSG00000091409.10	ENST00000264107.7	protein_coding	protein_coding	6142	ITGA6	NP_000201	3655	1073	1	37
24	ENSP00000264741.5	PF01839	FG-GAP	1.3999999999999998e-16	56.0	304	340	fGyslavgDvNGDGyaDLavGApeskggaygGaVyvl	FGSSLCAVDLNGDGLSDLLVGAPMFSEIRDEGQVTVY	1,2,3,4,5,6,7,8,9,10,11,12,13,14,15,16,17,18,19,20,21,22,23,24,25,26,27,28,29,30,31,32,33,34,35,36,37	ENSP00000264741.5	known	GRCh37:3:join(37493866..37494050,37512498..37512625,37514845..37514951,37522975..37523098,37535992..37536059,37544669..37544798,37547491..37547576,37550050..37550118,37555254..37555391,37558995..37559100,37560751..37560845,37565012..37565102,37567517..37567562,37574805..37574959,37583916..37584076,37670678..37670827,37695205..37695281,37725356..37725506,37774203..37774289,37778395..37778474,37783221..37783310,37785417..37785525,37791953..37792060,37818883..37819008,37821393..37821512,37826468..37826569,37845314..37845433,37860382..37860480)	3	ENSG00000144668.7	ENST00000264741.5	protein_coding	protein_coding	6145	ITGA9	NP_002198	3680	1035	1	37
25	ENSP00000264741.5	PF01839	FG-GAP	7.4e-12	40.3	364	399	fGyslavg.DvNGDGyaDLavGApeskggayg..GaVyvl	FGESIASLdDLDNDGFPDVAIG----APKEDDfaGAVYIY	1,2,3,4,5,6,7,8,a8-0,9,10,11,12,13,14,15,16,17,18,19,20,21,22,23,24,25,26,27,28,29,30,31,a31-0,a31-1,32,33,34,35,36,37	ENSP00000264741.5	known	GRCh37:3:join(37493866..37494050,37512498..37512625,37514845..37514951,37522975..37523098,37535992..37536059,37544669..37544798,37547491..37547576,37550050..37550118,37555254..37555391,37558995..37559100,37560751..37560845,37565012..37565102,37567517..37567562,37574805..37574959,37583916..37584076,37670678..37670827,37695205..37695281,37725356..37725506,37774203..37774289,37778395..37778474,37783221..37783310,37785417..37785525,37791953..37792060,37818883..37819008,37821393..37821512,37826468..37826569,37845314..37845433,37860382..37860480)	3	ENSG00000144668.7	ENST00000264741.5	protein_coding	protein_coding	6145	ITGA9	NP_002198	3680	1035	1	37
26	ENSP00000268296.4	PF01839	FG-GAP	2.3e-10	35.3	458	495	fGyslavgDvNGDGyaDLavGA.peskggaygGaVyvl	FGASLCSVDVDSDGSTDLVLIGaPHYYEQTRGGQVSVC	1,2,3,4,5,6,7,8,9,10,11,12,13,14,15,16,17,18,19,20,21,22,a22-0,23,24,25,26,27,28,29,30,31,32,33,34,35,36,37	ENSP00000268296.4	known	GRCh37:16:join(31366576..31366612,31367214..31367319,31367946..31368049,31368352..31368422,31368574..31368685,31371021..31371151,31371241..31371386,31371631..31371784,31372384..31372534,31373157..31373230,31373396..31373525,31373932..31374074,31374256..31374396,31374486..31374695,31382405..31382535,31382655..31382818,31382951..31383105,31383699..31383830,31383918..31383991,31384570..31384711,31388120..31388236,31388321..31388400,31388503..31388586,31390889..31390967,31391078..31391185,31391303..31391386,31391587..31391700,31391844..31391945,31392218..31392328,31393124..31393228)	16	ENSG00000140678.12	ENST00000268296.4	protein_coding	protein_coding	6152	ITGAX	NP_000878	3687	1163	1	37
27	ENSP00000268296.4	PF01839	FG-GAP	2.7000000000000002e-12	41.7	521	556	fGyslavg.DvNGDGyaDLavGApeskggayg..GaVyvl	FGAALTVLgDVNGDKLTDVVIG----APGEEEnrGAVYLF	1,2,3,4,5,6,7,8,a8-0,9,10,11,12,13,14,15,16,17,18,19,20,21,22,23,24,25,26,27,28,29,30,31,a31-0,a31-1,32,33,34,35,36,37	ENSP00000268296.4	known	GRCh37:16:join(31366576..31366612,31367214..31367319,31367946..31368049,31368352..31368422,31368574..31368685,31371021..31371151,31371241..31371386,31371631..31371784,31372384..31372534,31373157..31373230,31373396..31373525,31373932..31374074,31374256..31374396,31374486..31374695,31382405..31382535,31382655..31382818,31382951..31383105,31383699..31383830,31383918..31383991,31384570..31384711,31388120..31388236,31388321..31388400,31388503..31388586,31390889..31390967,31391078..31391185,31391303..31391386,31391587..31391700,31391844..31391945,31392218..31392328,31393124..31393228)	16	ENSG00000140678.12	ENST00000268296.4	protein_coding	protein_coding	6152	ITGAX	NP_000878	3687	1163	1	37
28	ENSP00000282588.5	PF01839	FG-GAP	1e-10	36.5	490	529	fGyslavgDvNGDGyaDLavGA.peskggayg..GaVyvl	FGSILTTTDIDKDSNTDILLVGaPMYMGTEKEeqGKVYVY	1,2,3,4,5,6,7,8,9,10,11,12,13,14,15,16,17,18,19,20,21,22,a22-0,23,24,25,26,27,28,29,30,31,a31-0,a31-1,32,33,34,35,36,37	ENSP00000282588.5	known	GRCh37:5:join(52084188..52084248,52145199..52145319,52157281..52157393,52160597..52160685,52160805..52160916,52161524..52161651,52177705..52177853,52183647..52183797,52189506..52189671,52193286..52193359,52194069..52194213,52201593..52201738,52204728..52204871,52205992..52206249,52211294..52211424,52214562..52214728,52216162..52216298,52218607..52218717,52221108..52221317,52223414..52223494,52225455..52225531,52227877..52227966,52229724..52229826,52233231..52233344,52235420..52235521,52235670..52235774,52240773..52240865,52243175..52243291,52248237..52248281)	5	ENSG00000213949.4	ENST00000282588.6	protein_coding	protein_coding	6134	ITGA1	NP_852478	3672	1179	1	37
29	ENSP00000282588.5	PF01839	FG-GAP	1.6e-12	42.5	571	606	fGyslavg.DvNGDGyaDLavGApeskggayg..GaVyvl	FGTAIAAVkDLNLDGFNDIVIG----APLEDDhgGAVYIY	1,2,3,4,5,6,7,8,a8-0,9,10,11,12,13,14,15,16,17,18,19,20,21,22,23,24,25,26,27,28,29,30,31,a31-0,a31-1,32,33,34,35,36,37	ENSP00000282588.5	known	GRCh37:5:join(52084188..52084248,52145199..52145319,52157281..52157393,52160597..52160685,52160805..52160916,52161524..52161651,52177705..52177853,52183647..52183797,52189506..52189671,52193286..52193359,52194069..52194213,52201593..52201738,52204728..52204871,52205992..52206249,52211294..52211424,52214562..52214728,52216162..52216298,52218607..52218717,52221108..52221317,52223414..52223494,52225455..52225531,52227877..52227966,52229724..52229826,52233231..52233344,52235420..52235521,52235670..52235774,52240773..52240865,52243175..52243291,52248237..52248281)	5	ENSG00000213949.4	ENST00000282588.6	protein_coding	protein_coding	6134	ITGA1	NP_852478	3672	1179	1	37
30	ENSP00000287497.8	PF01839	FG-GAP	7.4e-09	30.3	457	494	fGyslavgDvNGDGyaDLavGA.peskggaygGaVyvl	FGASLCSVDVDSNGSTDLVLIGaPHYYEQTRGGQVSVC	1,2,3,4,5,6,7,8,9,10,11,12,13,14,15,16,17,18,19,20,21,22,a22-0,23,24,25,26,27,28,29,30,31,32,33,34,35,36,37	ENSP00000287497.8	known	GRCh37:16:join(31271386..31271413,31273013..31273118,31276716..31276819,31277132..31277202,31277351..31277468,31282275..31282405,31283168..31283313,31284686..31284839,31286870..31287020,31287992..31288065,31288241..31288370,31289288..31289430,31308835..31308975,31309066..31309275,31332562..31332692,31332785..31332948,31335720..31335874,31335972..31336103,31336279..31336352,31336584..31336725,31336821..31336943,31338177..31338256,31339468..31339551,31340549..31340624,31341119..31341226,31341402..31341485,31341629..31341742,31341825..31341926,31342486..31342596,31342957..31343028)	16	ENSG00000169896.12	ENST00000287497.8	protein_coding	protein_coding	6149	ITGAM		3684	1152	1	37
31	ENSP00000287497.8	PF01839	FG-GAP	2.4e-12	41.9	520	555	fGyslavg.DvNGDGyaDLavGApeskggayg..GaVyvl	FGAALTVLgDVNGDKLTDVAIG----APGEEDnrGAVYLF	1,2,3,4,5,6,7,8,a8-0,9,10,11,12,13,14,15,16,17,18,19,20,21,22,23,24,25,26,27,28,29,30,31,a31-0,a31-1,32,33,34,35,36,37	ENSP00000287497.8	known	GRCh37:16:join(31271386..31271413,31273013..31273118,31276716..31276819,31277132..31277202,31277351..31277468,31282275..31282405,31283168..31283313,31284686..31284839,31286870..31287020,31287992..31288065,31288241..31288370,31289288..31289430,31308835..31308975,31309066..31309275,31332562..31332692,31332785..31332948,31335720..31335874,31335972..31336103,31336279..31336352,31336584..31336725,31336821..31336943,31338177..31338256,31339468..31339551,31340549..31340624,31341119..31341226,31341402..31341485,31341629..31341742,31341825..31341926,31342486..31342596,31342957..31343028)	16	ENSG00000169896.12	ENST00000287497.8	protein_coding	protein_coding	6149	ITGAM		3684	1152	1	37
32	ENSP00000293379.4	PF01839	FG-GAP	1.2e-15	52.8	326	368	fGyslavgDvNGDGyaDLavGA...pe.skggayg..GaVyvl	FGYAVAATDVNGDGLDDLLVGApllMDrTPDGRPQevGRVYVY	1,2,3,4,5,6,7,8,9,10,11,12,13,14,15,16,17,18,19,20,21,22,a22-0,a22-1,a22-2,23,24,a24-0,25,26,27,28,29,30,31,a31-0,a31-1,32,33,34,35,36,37	ENSP00000293379.4	known	GRCh37:12:complement(join(54812765..54812982,54805618..54805748,54803269..54803381,54803016..54803136,54802677..54802738,54802540..54802585,54801894..54802019,54801616..54801660,54801433..54801476,54799654..54799710,54799448..54799500,54798950..54799158,54798487..54798678,54798214..54798259,54797929..54798030,54797695..54797750,54797409..54797563,54796971..54797108,54796767..54796834,54795964..54796114,54795785..54795877,54795560..54795639,54795369..54795449,54795157..54795262,54794630..54794779,54793648..54793731,54793429..54793542,54792381..54792482,54791149..54791271,54790077..54790160))	12	ENSG00000161638.6	ENST00000293379.4	protein_coding	protein_coding	6141	ITGA5	NP_002196	3678	1049	1	37
33	ENSP00000293379.4	PF01839	FG-GAP	3.2e-12	41.5	392	428	fGyslavg.DvNGDGyaDLavGApeskggayg.GaVyvl	FGSSLTPLgDLDQDGYNDVAIGAPF--GGETQqGVVFVF	1,2,3,4,5,6,7,8,a8-0,9,10,11,12,13,14,15,16,17,18,19,20,21,22,23,24,25,26,27,28,29,30,31,a31-0,32,33,34,35,36,37	ENSP00000293379.4	known	GRCh37:12:complement(join(54812765..54812982,54805618..54805748,54803269..54803381,54803016..54803136,54802677..54802738,54802540..54802585,54801894..54802019,54801616..54801660,54801433..54801476,54799654..54799710,54799448..54799500,54798950..54799158,54798487..54798678,54798214..54798259,54797929..54798030,54797695..54797750,54797409..54797563,54796971..54797108,54796767..54796834,54795964..54796114,54795785..54795877,54795560..54795639,54795369..54795449,54795157..54795262,54794630..54794779,54793648..54793731,54793429..54793542,54792381..54792482,54791149..54791271,54790077..54790160))	12	ENSG00000161638.6	ENST00000293379.4	protein_coding	protein_coding	6141	ITGA5	NP_002196	3678	1049	1	37
34	ENSP00000296585.5	PF01839	FG-GAP	4.9e-09	30.9	491	530	fGyslavgDvNGDGyaDLavGA.pe.skggayg.GaVyvl	FGSVLCSVDVDKDTITDVLLVGaPMyMSDLKKEeGRVYLF	1,2,3,4,5,6,7,8,9,10,11,12,13,14,15,16,17,18,19,20,21,22,a22-0,23,24,a24-0,25,26,27,28,29,30,31,a31-0,32,33,34,35,36,37	ENSP00000296585.5	known	GRCh37:5:join(52285299..52285362,52322578..52322698,52337942..52338051,52340831..52340922,52344193..52344307,52344473..52344600,52347241..52347389,52351368..52351518,52351814..52351979,52353855..52353931,52355704..52355842,52356731..52356876,52358616..52358759,52360742..52360945,52361671..52361807,52362948..52363087,52365939..52366090,52367768..52367878,52368443..52368525,52368948..52369089,52370215..52370307,52370891..52370967,52371051..52371134,52374602..52374704,52376341..52376451,52377422..52377526,52379170..52379283,52382782..52382871,52385776..52385892,52386349..52386429)	5	ENSG00000164171.6	ENST00000296585.5	protein_coding	protein_coding	6137	ITGA2	NP_002194	3673	1181	1	37
35	ENSP00000296585.5	PF01839	FG-GAP	1.3e-13	46.1	554	589	fGyslavg.DvNGDGyaDLavGApeskggayg..GaVyvl	FGSAIAALsDINMDGFNDVIVG----SPLENQnsGAVYIY	1,2,3,4,5,6,7,8,a8-0,9,10,11,12,13,14,15,16,17,18,19,20,21,22,23,24,25,26,27,28,29,30,31,a31-0,a31-1,32,33,34,35,36,37	ENSP00000296585.5	known	GRCh37:5:join(52285299..52285362,52322578..52322698,52337942..52338051,52340831..52340922,52344193..52344307,52344473..52344600,52347241..52347389,52351368..52351518,52351814..52351979,52353855..52353931,52355704..52355842,52356731..52356876,52358616..52358759,52360742..52360945,52361671..52361807,52362948..52363087,52365939..52366090,52367768..52367878,52368443..52368525,52368948..52369089,52370215..52370307,52370891..52370967,52371051..52371134,52374602..52374704,52376341..52376451,52377422..52377526,52379170..52379283,52382782..52382871,52385776..52385892,52386349..52386429)	5	ENSG00000164171.6	ENST00000296585.5	protein_coding	protein_coding	6137	ITGA2	NP_002194	3673	1181	1	37
36	ENSP00000315190.8	PF01839	FG-GAP	7.999999999999999e-15	50.2	307	345	fGyslavgDvNGDGyaDLavGApeskggayg..GaVyvl	FGSAIALADLNNDGWQDLLVGAPYYFERKEEvgGAIYVF	1,2,3,4,5,6,7,8,9,10,11,12,13,14,15,16,17,18,19,20,21,22,23,24,25,26,27,28,29,30,31,a31-0,a31-1,32,33,34,35,36,37	ENSP00000315190.8	known	GRCh37:17:join(48133804..48134009,48141441..48141568,48141892..48141971,48145420..48145669,48148208..48148294,48148675..48148882,48149350..48149546,48151280..48151368,48151508..48151644,48151812..48151898,48152823..48152890,48152963..48153099,48153690..48153839,48153948..48154045,48154338..48154485,48154743..48154811,48155410..48155489,48155571..48155648,48156188..48156290,48156440..48156622,48156799..48156921,48157626..48157739,48158674..48158772,48165108..48165233,48165589..48165699)	17	ENSG00000005884.13	ENST00000320031.8	protein_coding	protein_coding	6139	ITGA3	NP_002195	3675	1051	1	37
37	ENSP00000315190.8	PF01839	FG-GAP	8e-12	40.2	370	402	fGyslavgDvNGDGyaDLavGApeskggaygGaVyvl	GLSVASIGDINQDGFQDIAVG----APFEGLGKVYIY	1,2,3,4,5,6,7,8,9,10,11,12,13,14,15,16,17,18,19,20,21,22,23,24,25,26,27,28,29,30,31,32,33,34,35,36,37	ENSP00000315190.8	known	GRCh37:17:join(48133804..48134009,48141441..48141568,48141892..48141971,48145420..48145669,48148208..48148294,48148675..48148882,48149350..48149546,48151280..48151368,48151508..48151644,48151812..48151898,48152823..48152890,48152963..48153099,48153690..48153839,48153948..48154045,48154338..48154485,48154743..48154811,48155410..48155489,48155571..48155648,48156188..48156290,48156440..48156622,48156799..48156921,48157626..48157739,48158674..48158772,48165108..48165233,48165589..48165699)	17	ENSG00000005884.13	ENST00000320031.8	protein_coding	protein_coding	6139	ITGA3	NP_002195	3675	1051	1	37
38	ENSP00000327290.7	PF01839	FG-GAP	1.3000000000000001e-12	42.8	480	518	fGyslavgDvNGDGyaDLavGA.peskggayg.GaVyvl	FGSEITSVDIDGDGVTDVLLVGaPMYFNEGRErGKVYVY	1,2,3,4,5,6,7,8,9,10,11,12,13,14,15,16,17,18,19,20,21,22,a22-0,23,24,25,26,27,28,29,30,31,a31-0,32,33,34,35,36,37	ENSP00000327290.7	known	GRCh37:15:complement(join(68724354..68724405,68695257..68695368,68661522..68661622,68657045..68657136,68653928..68654042,68650796..68650923,68649489..68649637,68643596..68643740,68642955..68643120,68641168..68641238,68631838..68631982,68628035..68628183,68624676..68624816,68624197..68624400,68623319..68623449,68620434..68620600,68618992..68619134,68617469..68617579,68613756..68613841,68612523..68612730,68609603..68609701,68607989..68608065,68606117..68606206,68605111..68605201,68603628..68603741,68603332..68603418,68599924..68600034,68599686..68599781,68596110..68596223,68595397..68595468))	15	ENSG00000137809.12	ENST00000315757.7	protein_coding	protein_coding	6136	ITGA11	NP_001004439	22801	1188	1	37
39	ENSP00000327290.7	PF01839	FG-GAP	6.900000000000001e-12	40.4	542	577	fGyslavg.DvNGDGyaDLavGApeskggayg..GaVyvl	FGSSIASVrDLNQDSYNDVVVG----APLEDNhaGAIYIF	1,2,3,4,5,6,7,8,a8-0,9,10,11,12,13,14,15,16,17,18,19,20,21,22,23,24,25,26,27,28,29,30,31,a31-0,a31-1,32,33,34,35,36,37	ENSP00000327290.7	known	GRCh37:15:complement(join(68724354..68724405,68695257..68695368,68661522..68661622,68657045..68657136,68653928..68654042,68650796..68650923,68649489..68649637,68643596..68643740,68642955..68643120,68641168..68641238,68631838..68631982,68628035..68628183,68624676..68624816,68624197..68624400,68623319..68623449,68620434..68620600,68618992..68619134,68617469..68617579,68613756..68613841,68612523..68612730,68609603..68609701,68607989..68608065,68606117..68606206,68605111..68605201,68603628..68603741,68603332..68603418,68599924..68600034,68599686..68599781,68596110..68596223,68595397..68595468))	15	ENSG00000137809.12	ENST00000315757.7	protein_coding	protein_coding	6136	ITGA11	NP_001004439	22801	1188	1	37
40	ENSP00000340536.4	PF01839	FG-GAP	2.9e-13	45.0	320	362	fGyslavgDvNGDGyaDLavGApeskggayg......GaVyvl	FGHSVAVTDVNGDGRHDLLVGAPLYMESRADrklaevGRVYLF	1,2,3,4,5,6,7,8,9,10,11,12,13,14,15,16,17,18,19,20,21,22,23,24,25,26,27,28,29,30,31,a31-0,a31-1,a31-2,a31-3,a31-4,a31-5,32,33,34,35,36,37	ENSP00000340536.4	known	GRCh37:17:complement(join(42466654..42466841,42463378..42463499,42463192..42463289,42462919..42463084,42462654..42462703,42462532..42462577,42462316..42462444,42461906..42461953,42461679..42461722,42461453..42461506,42461262..42461314,42460861..42461072,42458247..42458429,42457968..42458013,42457754..42457858,42457614..42457669,42457370..42457521,42457057..42457182,42456011..42456078,42455730..42455877,42455066..42455158,42454377..42454456,42453676..42453756,42453453..42453552,42453201..42453353,42452959..42453084,42452366..42452479,42451722..42451838,42449732..42449791))	17	ENSG00000005961.13	ENST00000353281.4	protein_coding	protein_coding	6138	ITGA2B		3674	1005	1	37
41	ENSP00000340536.4	PF01839	FG-GAP	7.6e-10	33.6	387	423	fGyslavg.DvNGDGyaDLavGApeskggaygGaVyvl	FGSAIAPLgDLDRDGYNDIAVAAPY-GGPSGRGQVLVF	1,2,3,4,5,6,7,8,a8-0,9,10,11,12,13,14,15,16,17,18,19,20,21,22,23,24,25,26,27,28,29,30,31,32,33,34,35,36,37	ENSP00000340536.4	known	GRCh37:17:complement(join(42466654..42466841,42463378..42463499,42463192..42463289,42462919..42463084,42462654..42462703,42462532..42462577,42462316..42462444,42461906..42461953,42461679..42461722,42461453..42461506,42461262..42461314,42460861..42461072,42458247..42458429,42457968..42458013,42457754..42457858,42457614..42457669,42457370..42457521,42457057..42457182,42456011..42456078,42455730..42455877,42455066..42455158,42454377..42454456,42453676..42453756,42453453..42453552,42453201..42453353,42452959..42453084,42452366..42452479,42451722..42451838,42449732..42449791))	17	ENSG00000005961.13	ENST00000353281.4	protein_coding	protein_coding	6138	ITGA2B		3674	1005	1	37
42	ENSP00000340536.4	PF01839	FG-GAP	4.9e-07	24.3	448	479	fGyslavg.DvNGDGyaDLavGApeskggaygGaVyvl	FGFSLRGAvDIDDNGYPDLIVG----AYGANQ--VAVY	1,2,3,4,5,6,7,8,a8-0,9,10,11,12,13,14,15,16,17,18,19,20,21,22,23,24,25,26,27,28,29,30,31,32,33,34,35,36,37	ENSP00000340536.4	known	GRCh37:17:complement(join(42466654..42466841,42463378..42463499,42463192..42463289,42462919..42463084,42462654..42462703,42462532..42462577,42462316..42462444,42461906..42461953,42461679..42461722,42461453..42461506,42461262..42461314,42460861..42461072,42458247..42458429,42457968..42458013,42457754..42457858,42457614..42457669,42457370..42457521,42457057..42457182,42456011..42456078,42455730..42455877,42455066..42455158,42454377..42454456,42453676..42453756,42453453..42453552,42453201..42453353,42452959..42453084,42452366..42452479,42451722..42451838,42449732..42449791))	17	ENSG00000005961.13	ENST00000353281.4	protein_coding	protein_coding	6138	ITGA2B		3674	1005	1	37
43	ENSP00000341078.4	PF01839	FG-GAP	1.7e-14	49.0	311	349	fGyslavgDvNGDGyaDLavGApe..skggaygGaVyvl	FGYDVAVVDLNKDGWQDIVIGAPQyfDRDGEVGGAVYVY	1,2,3,4,5,6,7,8,9,10,11,12,13,14,15,16,17,18,19,20,21,22,23,24,a24-0,a24-1,25,26,27,28,29,30,31,32,33,34,35,36,37	ENSP00000341078.4	known	GRCh37:2:join(173292517..173292698,173330267..173330391,173332209..173332288,173333853..173334108,173337502..173337618,173338783..173338993,173339657..173339850,173340325..173340413,173341123..173341241,173344369..173344467,173344718..173344779,173349510..173349670,173349849..173349992,173351751..173351866,173351992..173352181,173352275..173352358,173352456..173352535,173352689..173352766,173352854..173352956,173354213..173354386,173355752..173355850,173355949..173356059,173356153..173356251,173362703..173362828,173366500..173366607)	2	ENSG00000091409.10	ENST00000343713.4	protein_coding	protein_coding	6142	ITGA6	XP_005246590	3655	1068	1	37
44	ENSP00000341078.4	PF01839	FG-GAP	1.3e-07	26.2	372	405	fGyslavg.DvNGDGyaDLavGApeskggaygGaVyvl	FGIAVKNIgDINQDGYPDIAVG----APYDDLGKVFIY	1,2,3,4,5,6,7,8,a8-0,9,10,11,12,13,14,15,16,17,18,19,20,21,22,23,24,25,26,27,28,29,30,31,32,33,34,35,36,37	ENSP00000341078.4	known	GRCh37:2:join(173292517..173292698,173330267..173330391,173332209..173332288,173333853..173334108,173337502..173337618,173338783..173338993,173339657..173339850,173340325..173340413,173341123..173341241,173344369..173344467,173344718..173344779,173349510..173349670,173349849..173349992,173351751..173351866,173351992..173352181,173352275..173352358,173352456..173352535,173352689..173352766,173352854..173352956,173354213..173354386,173355752..173355850,173355949..173356059,173356153..173356251,173362703..173362828,173366500..173366607)	2	ENSG00000091409.10	ENST00000343713.4	protein_coding	protein_coding	6142	ITGA6	XP_005246590	3655	1068	1	37
45	ENSP00000343009.6	PF01839	FG-GAP	6.3e-17	57.1	320	358	fGyslavgDvNGDGyaDLavGApeskggayg..GaVyvl	FGYSLAVADLNSDGWPDLIVGAPYFFERQEElgGAVYVY	1,2,3,4,5,6,7,8,9,10,11,12,13,14,15,16,17,18,19,20,21,22,23,24,25,26,27,28,29,30,31,a31-0,a31-1,32,33,34,35,36,37	ENSP00000343009.6	novel	GRCh37:12:complement(join(56101261..56101466,56096835..56096962,56096656..56096735,56094683..56094938,56093654..56093773,56092494..56092701,56092167..56092360,56091722..56091810,56091479..56091606,56091235..56091330,56091000..56091061,56090683..56090834,56090067..56090216,56089306..56089421,56088562..56088754,56088399..56088479,56088227..56088306,56088040..56088114,56087805..56087907,56086925..56087101,56086628..56086759,56082628..56082741,56081986..56082084,56081755..56081880,56078842..56079072))	12	ENSG00000135424.11	ENST00000347027.6	protein_coding	protein_coding	6143	ITGA7		3679	1131	1	37
46	ENSP00000343009.6	PF01839	FG-GAP	1.2e-12	43.0	381	414	fGyslavg.DvNGDGyaDLavGApeskggaygGaVyvl	FGISLAVLgDLNQDGFPDIAVG----APFDGDGKVFIY	1,2,3,4,5,6,7,8,a8-0,9,10,11,12,13,14,15,16,17,18,19,20,21,22,23,24,25,26,27,28,29,30,31,32,33,34,35,36,37	ENSP00000343009.6	novel	GRCh37:12:complement(join(56101261..56101466,56096835..56096962,56096656..56096735,56094683..56094938,56093654..56093773,56092494..56092701,56092167..56092360,56091722..56091810,56091479..56091606,56091235..56091330,56091000..56091061,56090683..56090834,56090067..56090216,56089306..56089421,56088562..56088754,56088399..56088479,56088227..56088306,56088040..56088114,56087805..56087907,56086925..56087101,56086628..56086759,56082628..56082741,56081986..56082084,56081755..56081880,56078842..56079072))	12	ENSG00000135424.11	ENST00000347027.6	protein_coding	protein_coding	6143	ITGA7		3679	1131	1	37
47	ENSP00000349252.5	PF01839	FG-GAP	1.4e-08	29.5	460	497	fGyslavgDvNGDGyaDLavGA.peskggayg.GaVyvl	FGGELCGVDVDQDGETELLLIGaPL-FYGEQRgGRVFIY	1,2,3,4,5,6,7,8,9,10,11,12,13,14,15,16,17,18,19,20,21,22,a22-0,23,24,25,26,27,28,29,30,31,a31-0,32,33,34,35,36,37	ENSP00000349252.5	known	GRCh37:16:join(30484159..30484219,30485517..30485619,30486627..30486721,30486834..30486901,30490412..30490529,30490652..30490782,30492760..30492905,30495148..30495280,30495434..30495584,30500403..30500476,30500575..30500707,30505533..30505684,30506034..30506171,30507418..30507615,30507757..30507887,30510395..30510555,30510659..30510810,30515496..30515585,30516565..30516621,30516710..30516783,30518036..30518177,30521682..30521792,30522202..30522281,30522371..30522457,30525092..30525167,30528294..30528407,30528970..30529026,30529118..30529216,30529945..30530040,30531178..30531288,30532813..30532986)	16	ENSG00000005844.13	ENST00000356798.6	protein_coding	protein_coding	6148	ITGAL	NP_002200	3683	1170	1	37
48	ENSP00000349252.5	PF01839	FG-GAP	3.3999999999999996e-12	41.4	521	554	fGyslavg.DvNGDGyaDLavGApeskggaygGaVyvl	FGEAITALtDINGDGLVDVAVG----APLEEQGAVYIF	1,2,3,4,5,6,7,8,a8-0,9,10,11,12,13,14,15,16,17,18,19,20,21,22,23,24,25,26,27,28,29,30,31,32,33,34,35,36,37	ENSP00000349252.5	known	GRCh37:16:join(30484159..30484219,30485517..30485619,30486627..30486721,30486834..30486901,30490412..30490529,30490652..30490782,30492760..30492905,30495148..30495280,30495434..30495584,30500403..30500476,30500575..30500707,30505533..30505684,30506034..30506171,30507418..30507615,30507757..30507887,30510395..30510555,30510659..30510810,30515496..30515585,30516565..30516621,30516710..30516783,30518036..30518177,30521682..30521792,30522202..30522281,30522371..30522457,30525092..30525167,30528294..30528407,30528970..30529026,30529118..30529216,30529945..30530040,30531178..30531288,30532813..30532986)	16	ENSG00000005844.13	ENST00000356798.6	protein_coding	protein_coding	6148	ITGAL	NP_002200	3683	1170	1	37
49	ENSP00000350886.5	PF01839	FG-GAP	1.4e-08	29.5	377	414	fGyslavgDvNGDGyaDLavGA.peskggayg.GaVyvl	FGGELCGVDVDQDGETELLLIGaPL-FYGEQRgGRVFIY	1,2,3,4,5,6,7,8,9,10,11,12,13,14,15,16,17,18,19,20,21,22,a22-0,23,24,25,26,27,28,29,30,31,a31-0,32,33,34,35,36,37	ENSP00000350886.5	known	GRCh37:16:join(30484159..30484219,30485517..30485619,30486627..30486721,30486834..30486901,30492760..30492905,30495148..30495280,30495434..30495584,30500403..30500476,30500575..30500707,30505533..30505684,30506034..30506171,30507418..30507615,30507757..30507887,30510395..30510555,30510659..30510810,30515496..30515585,30516568..30516621,30516710..30516783,30518036..30518177,30521682..30521792,30522202..30522281,30522371..30522457,30525092..30525167,30528294..30528407,30528970..30529026,30529118..30529216,30529945..30530040,30531178..30531288,30532813..30532986)	16	ENSG00000005844.13	ENST00000358164.5	protein_coding	protein_coding	6148	ITGAL	NP_001107852	3683	1086	1	37
50	ENSP00000350886.5	PF01839	FG-GAP	3.3999999999999996e-12	41.4	438	471	fGyslavg.DvNGDGyaDLavGApeskggaygGaVyvl	FGEAITALtDINGDGLVDVAVG----APLEEQGAVYIF	1,2,3,4,5,6,7,8,a8-0,9,10,11,12,13,14,15,16,17,18,19,20,21,22,23,24,25,26,27,28,29,30,31,32,33,34,35,36,37	ENSP00000350886.5	known	GRCh37:16:join(30484159..30484219,30485517..30485619,30486627..30486721,30486834..30486901,30492760..30492905,30495148..30495280,30495434..30495584,30500403..30500476,30500575..30500707,30505533..30505684,30506034..30506171,30507418..30507615,30507757..30507887,30510395..30510555,30510659..30510810,30515496..30515585,30516568..30516621,30516710..30516783,30518036..30518177,30521682..30521792,30522202..30522281,30522371..30522457,30525092..30525167,30528294..30528407,30528970..30529026,30529118..30529216,30529945..30530040,30531178..30531288,30532813..30532986)	16	ENSG00000005844.13	ENST00000358164.5	protein_coding	protein_coding	6148	ITGAL	NP_001107852	3683	1086	1	37
51	ENSP00000358310.3	PF01839	FG-GAP	2.7999999999999996e-10	35.1	486	525	fGyslavgDvNGDGyaDLavGA.pe.skggayg.GaVyvl	FGSELCPLDTDRDGTTDVLLVAaPMfLGPQNKEtGRVYVY	1,2,3,4,5,6,7,8,9,10,11,12,13,14,15,16,17,18,19,20,21,22,a22-0,23,24,a24-0,25,26,27,28,29,30,31,a31-0,32,33,34,35,36,37	ENSP00000358310.3	known	GRCh37:1:join(145525066..145525117,145527613..145527724,145527928..145528037,145528254..145528345,145528570..145528684,145530267..145530394,145530878..145531026,145532115..145532265,145532457..145532622,145532757..145532830,145533055..145533199,145533412..145533560,145533798..145533941,145534083..145534286,145534889..145535019,145535735..145535901,145535998..145536140,145536853..145536966,145537176..145537261,145537423..145537564,145537737..145537829,145537989..145538065,145538218..145538307,145538724..145538808,145538980..145539093,145539365..145539445,145539683..145539796,145541441..145541536,145541802..145541915,145542213..145542278)	1	ENSG00000143127.8	ENST00000369304.3	protein_coding	protein_coding	6135	ITGA10	NP_003628	8515	1167	1	37
52	ENSP00000358310.3	PF01839	FG-GAP	2.7e-11	38.4	549	584	fGyslavg.DvNGDGyaDLavGApeskggayg..GaVyvl	FGFAMGALpDLNQDGFADVAVG----APLEDGhqGALYLY	1,2,3,4,5,6,7,8,a8-0,9,10,11,12,13,14,15,16,17,18,19,20,21,22,23,24,25,26,27,28,29,30,31,a31-0,a31-1,32,33,34,35,36,37	ENSP00000358310.3	known	GRCh37:1:join(145525066..145525117,145527613..145527724,145527928..145528037,145528254..145528345,145528570..145528684,145530267..145530394,145530878..145531026,145532115..145532265,145532457..145532622,145532757..145532830,145533055..145533199,145533412..145533560,145533798..145533941,145534083..145534286,145534889..145535019,145535735..145535901,145535998..145536140,145536853..145536966,145537176..145537261,145537423..145537564,145537737..145537829,145537989..145538065,145538218..145538307,145538724..145538808,145538980..145539093,145539365..145539445,145539683..145539796,145541441..145541536,145541802..145541915,145542213..145542278)	1	ENSG00000143127.8	ENST00000369304.3	protein_coding	protein_coding	6135	ITGA10	NP_003628	8515	1167	1	37
53	ENSP00000364042.3	PF01839	FG-GAP	8.7e-12	40.1	216	250	fGyslavgDvNGDGyaDLavGApeskggayg..GaVyvl	LGYSVAVGDFNGDGIDDFVSG----VPRAARtlGMVYIY	1,2,3,4,5,6,7,8,9,10,11,12,13,14,15,16,17,18,19,20,21,22,23,24,25,26,27,28,29,30,31,a31-0,a31-1,32,33,34,35,36,37	ENSP00000364042.3	known	GRCh37:2:join(187455066..187455250,187466748..187466878,187487066..187487157,187490200..187490314,187500809..187500934,187501792..187501836,187503004..187503047,187503136..187503192,187505642..187505694,187506113..187506315,187511413..187511604,187514567..187514612,187516709..187516816,187519377..187519435,187520974..187521128,187523765..187523902,187528495..187528562,187529221..187529368,187529853..187529945,187531431..187531510,187531877..187531957,187532398..187532503,187533489..187533647,187534428..187534541,187540331..187540444,187540547..187540654,187541540..187541662,187541924..187542019)	2	ENSG00000138448.7	ENST00000374907.3	protein_coding	protein_coding	6150	ITGAV	NP_001138472	3685	1012	1	37
54	ENSP00000364042.3	PF01839	FG-GAP	6.4e-11	37.2	270	312	fGyslavgDvNGDGyaDLavGA..pe...skggayg.GaVyvl	FGFSVAATDINGDDYADVFIGAplFMdrgSDGKLQEvGQVSVS	1,2,3,4,5,6,7,8,9,10,11,12,13,14,15,16,17,18,19,20,21,22,a22-0,a22-1,23,24,a24-0,a24-1,a24-2,25,26,27,28,29,30,31,a31-0,32,33,34,35,36,37	ENSP00000364042.3	known	GRCh37:2:join(187455066..187455250,187466748..187466878,187487066..187487157,187490200..187490314,187500809..187500934,187501792..187501836,187503004..187503047,187503136..187503192,187505642..187505694,187506113..187506315,187511413..187511604,187514567..187514612,187516709..187516816,187519377..187519435,187520974..187521128,187523765..187523902,187528495..187528562,187529221..187529368,187529853..187529945,187531431..187531510,187531877..187531957,187532398..187532503,187533489..187533647,187534428..187534541,187540331..187540444,187540547..187540654,187541540..187541662,187541924..187542019)	2	ENSG00000138448.7	ENST00000374907.3	protein_coding	protein_coding	6150	ITGAV	NP_001138472	3685	1012	1	37
55	ENSP00000364042.3	PF01839	FG-GAP	1.9e-11	38.9	334	370	fGyslavg.DvNGDGyaDLavGApeskggayg.GaVyvl	FGSAIAPLgDLDQDGFNDIAIAAPY--GGEDKkGIVYIF	1,2,3,4,5,6,7,8,a8-0,9,10,11,12,13,14,15,16,17,18,19,20,21,22,23,24,25,26,27,28,29,30,31,a31-0,32,33,34,35,36,37	ENSP00000364042.3	known	GRCh37:2:join(187455066..187455250,187466748..187466878,187487066..187487157,187490200..187490314,187500809..187500934,187501792..187501836,187503004..187503047,187503136..187503192,187505642..187505694,187506113..187506315,187511413..187511604,187514567..187514612,187516709..187516816,187519377..187519435,187520974..187521128,187523765..187523902,187528495..187528562,187529221..187529368,187529853..187529945,187531431..187531510,187531877..187531957,187532398..187532503,187533489..187533647,187534428..187534541,187540331..187540444,187540547..187540654,187541540..187541662,187541924..187542019)	2	ENSG00000138448.7	ENST00000374907.3	protein_coding	protein_coding	6150	ITGAV	NP_001138472	3685	1012	1	37
56	ENSP00000364369.2	PF01839	FG-GAP	1.7e-14	49.0	355	393	fGyslavgDvNGDGyaDLavGApe..skggaygGaVyvl	FGYDVAVVDLNKDGWQDIVIGAPQyfDRDGEVGGAVYVY	1,2,3,4,5,6,7,8,9,10,11,12,13,14,15,16,17,18,19,20,21,22,23,24,a24-0,a24-1,25,26,27,28,29,30,31,32,33,34,35,36,37	ENSP00000364369.2	known	GRCh37:2:join(173292517..173292698,173330267..173330391,173332209..173332288,173333853..173334108,173335702..173335833,173337502..173337618,173338783..173338993,173339657..173339850,173340325..173340413,173341123..173341241,173344369..173344467,173344718..173344779,173349510..173349670,173349849..173349992,173351751..173351866,173351992..173352181,173352275..173352358,173352456..173352535,173352689..173352766,173352854..173352956,173354213..173354386,173355752..173355850,173355949..173356059,173356153..173356251,173362703..173362828,173366500..173366607)	2	ENSG00000091409.10	ENST00000375221.2	protein_coding	protein_coding	6142	ITGA6		3655	1112	1	37
57	ENSP00000364369.2	PF01839	FG-GAP	1.3e-07	26.2	416	449	fGyslavg.DvNGDGyaDLavGApeskggaygGaVyvl	FGIAVKNIgDINQDGYPDIAVG----APYDDLGKVFIY	1,2,3,4,5,6,7,8,a8-0,9,10,11,12,13,14,15,16,17,18,19,20,21,22,23,24,25,26,27,28,29,30,31,32,33,34,35,36,37	ENSP00000364369.2	known	GRCh37:2:join(173292517..173292698,173330267..173330391,173332209..173332288,173333853..173334108,173335702..173335833,173337502..173337618,173338783..173338993,173339657..173339850,173340325..173340413,173341123..173341241,173344369..173344467,173344718..173344779,173349510..173349670,173349849..173349992,173351751..173351866,173351992..173352181,173352275..173352358,173352456..173352535,173352689..173352766,173352854..173352956,173354213..173354386,173355752..173355850,173355949..173356059,173356153..173356251,173362703..173362828,173366500..173366607)	2	ENSG00000091409.10	ENST00000375221.2	protein_coding	protein_coding	6142	ITGA6		3655	1112	1	37
58	ENSP00000366268.3	PF01839	FG-GAP	2.9e-13	45.0	5	47	fGyslavgDvNGDGyaDLavGApeskggayg......GaVyvl	FGHSVAVTDVNGDGRHDLLVGAPLYMESRADrklaevGRVYLF	1,2,3,4,5,6,7,8,9,10,11,12,13,14,15,16,17,18,19,20,21,22,23,24,25,26,27,28,29,30,31,a31-0,a31-1,a31-2,a31-3,a31-4,a31-5,32,33,34,35,36,37	ENSP00000366268.3	known	GRCh37:17:complement(join(42461262..42461314,42460861..42461072,42458035..42458429))	17	ENSG00000005961.13	ENST00000377068.3	protein_coding	protein_coding	6138	ITGA2B		3674	219	1	37
59	ENSP00000366268.3	PF01839	FG-GAP	7.6e-10	33.6	72	108	fGyslavg.DvNGDGyaDLavGApeskggaygGaVyvl	FGSAIAPLgDLDRDGYNDIAVAAPY-GGPSGRGQVLVF	1,2,3,4,5,6,7,8,a8-0,9,10,11,12,13,14,15,16,17,18,19,20,21,22,23,24,25,26,27,28,29,30,31,32,33,34,35,36,37	ENSP00000366268.3	known	GRCh37:17:complement(join(42461262..42461314,42460861..42461072,42458035..42458429))	17	ENSG00000005961.13	ENST00000377068.3	protein_coding	protein_coding	6138	ITGA2B		3674	219	1	37
60	ENSP00000367316.3	PF01839	FG-GAP	1.4e-13	46.1	321	363	fGyslavgDvNGDGyaDLavGA..peskggayg....GaVyvl	FGYTVVVSDVNSDGLDDVLVGAplFMEREFESNprevGQIYLY	1,2,3,4,5,6,7,8,9,10,11,12,13,14,15,16,17,18,19,20,21,22,a22-0,a22-1,23,24,25,26,27,28,29,30,31,a31-0,a31-1,a31-2,a31-3,32,33,34,35,36,37	ENSP00000367316.3	known	GRCh37:10:complement(join(15761562..15761770,15760765..15760898,15729937..15730037,15726003..15726126,15720721..15720782,15719591..15719636,15714623..15714748,15713602..15713646,15702878..15702921,15700998..15701054,15697353..15697405,15688845..15689050,15686029..15686220,15658513..15658558,15655659..15655766,15650234..15650289,15649676..15649830,15648284..15648421,15647723..15647790,15646207..15646354,15639206..15639298,15634224..15634303,15628583..15628663,15617488..15617593,15614210..15614368,15600073..15600201,15590454..15590567,15573049..15573150,15561289..15561411,15559157..15559243))	10	ENSG00000077943.7	ENST00000378076.3	protein_coding	protein_coding	6144	ITGA8	NP_003629	8516	1063	1	37
61	ENSP00000367316.3	PF01839	FG-GAP	1.7000000000000001e-09	32.4	386	422	fGyslavg.DvNGDGyaDLavGApeskggaygGaVyvl	FGSAMAHLgDLNQDGYNDIAIGVPF-AGKDQRGKVLIY	1,2,3,4,5,6,7,8,a8-0,9,10,11,12,13,14,15,16,17,18,19,20,21,22,23,24,25,26,27,28,29,30,31,32,33,34,35,36,37	ENSP00000367316.3	known	GRCh37:10:complement(join(15761562..15761770,15760765..15760898,15729937..15730037,15726003..15726126,15720721..15720782,15719591..15719636,15714623..15714748,15713602..15713646,15702878..15702921,15700998..15701054,15697353..15697405,15688845..15689050,15686029..15686220,15658513..15658558,15655659..15655766,15650234..15650289,15649676..15649830,15648284..15648421,15647723..15647790,15646207..15646354,15639206..15639298,15634224..15634303,15628583..15628663,15617488..15617593,15614210..15614368,15600073..15600201,15590454..15590567,15573049..15573150,15561289..15561411,15559157..15559243))	10	ENSG00000077943.7	ENST00000378076.3	protein_coding	protein_coding	6144	ITGA8	NP_003629	8516	1063	1	37
62	ENSP00000373854.2	PF01839	FG-GAP	2.5e-10	35.2	457	494	fGyslavgDvNGDGyaDLavGA.peskggaygGaVyvl	FGASLCSVDVDSDGSTDLILIGaPHYYEQTRGGQVSVC	1,2,3,4,5,6,7,8,9,10,11,12,13,14,15,16,17,18,19,20,21,22,a22-0,23,24,25,26,27,28,29,30,31,32,33,34,35,36,37	ENSP00000373854.2	known	GRCh37:16:join(31404682..31404712,31405557..31405662,31408680..31408783,31408917..31408987,31409116..31409230,31413436..31413566,31414821..31414966,31418836..31418989,31419087..31419237,31419746..31419819,31421716..31421845,31422057..31422199,31422397..31422537,31422629..31422838,31424159..31424289,31424410..31424567,31425772..31425926,31426181..31426312,31427534..31427607,31427826..31427967,31429396..31429512,31429622..31429701,31429802..31429885,31434435..31434513,31434673..31434780,31434892..31434969,31435166..31435279,31435423..31435524,31435788..31435898,31437336..31437449)	16	ENSG00000156886.11	ENST00000389202.2	protein_coding	protein_coding	6146	ITGAD	NP_005344	3681	1161	1	37
63	ENSP00000373854.2	PF01839	FG-GAP	8.6e-09	30.1	520	555	fGyslavg.DvNGDGyaDLavGApeskggayg..GaVyvl	FGAALTVLgDVNEDKLIDVAIG----APGEQEnrGAVYLF	1,2,3,4,5,6,7,8,a8-0,9,10,11,12,13,14,15,16,17,18,19,20,21,22,23,24,25,26,27,28,29,30,31,a31-0,a31-1,32,33,34,35,36,37	ENSP00000373854.2	known	GRCh37:16:join(31404682..31404712,31405557..31405662,31408680..31408783,31408917..31408987,31409116..31409230,31413436..31413566,31414821..31414966,31418836..31418989,31419087..31419237,31419746..31419819,31421716..31421845,31422057..31422199,31422397..31422537,31422629..31422838,31424159..31424289,31424410..31424567,31425772..31425926,31426181..31426312,31427534..31427607,31427826..31427967,31429396..31429512,31429622..31429701,31429802..31429885,31434435..31434513,31434673..31434780,31434892..31434969,31435166..31435279,31435423..31435524,31435788..31435898,31437336..31437449)	16	ENSG00000156886.11	ENST00000389202.2	protein_coding	protein_coding	6146	ITGAD	NP_005344	3681	1161	1	37
64	ENSP00000377776.2	PF01839	FG-GAP	6.3e-17	57.1	320	358	fGyslavgDvNGDGyaDLavGApeskggayg..GaVyvl	FGYSLAVADLNSDGWPDLIVGAPYFFERQEElgGAVYVY	1,2,3,4,5,6,7,8,9,10,11,12,13,14,15,16,17,18,19,20,21,22,23,24,25,26,27,28,29,30,31,a31-0,a31-1,32,33,34,35,36,37	ENSP00000377776.2	known	GRCh37:12:complement(join(56101261..56101466,56096835..56096962,56096656..56096735,56094683..56094938,56093654..56093773,56092494..56092701,56092167..56092360,56091722..56091810,56091479..56091606,56091235..56091330,56091000..56091061,56090683..56090852,56090067..56090216,56089306..56089421,56088562..56088754,56088399..56088479,56088227..56088306,56088040..56088114,56087805..56087907,56086925..56087101,56086628..56086759,56082628..56082741,56081986..56082084,56081755..56081880,56079986..56080098,56079012..56079072))	12	ENSG00000135424.11	ENST00000394229.2	protein_coding	protein_coding	6143	ITGA7		3679	1118	1	37
65	ENSP00000377776.2	PF01839	FG-GAP	1.2e-12	43.0	381	414	fGyslavg.DvNGDGyaDLavGApeskggaygGaVyvl	FGISLAVLgDLNQDGFPDIAVG----APFDGDGKVFIY	1,2,3,4,5,6,7,8,a8-0,9,10,11,12,13,14,15,16,17,18,19,20,21,22,23,24,25,26,27,28,29,30,31,32,33,34,35,36,37	ENSP00000377776.2	known	GRCh37:12:complement(join(56101261..56101466,56096835..56096962,56096656..56096735,56094683..56094938,56093654..56093773,56092494..56092701,56092167..56092360,56091722..56091810,56091479..56091606,56091235..56091330,56091000..56091061,56090683..56090852,56090067..56090216,56089306..56089421,56088562..56088754,56088399..56088479,56088227..56088306,56088040..56088114,56087805..56087907,56086925..56087101,56086628..56086759,56082628..56082741,56081986..56082084,56081755..56081880,56079986..56080098,56079012..56079072))	12	ENSG00000135424.11	ENST00000394229.2	protein_coding	protein_coding	6143	ITGA7		3679	1118	1	37
66	ENSP00000377777.2	PF01839	FG-GAP	6.3e-17	57.1	324	362	fGyslavgDvNGDGyaDLavGApeskggayg..GaVyvl	FGYSLAVADLNSDGWPDLIVGAPYFFERQEElgGAVYVY	1,2,3,4,5,6,7,8,9,10,11,12,13,14,15,16,17,18,19,20,21,22,23,24,25,26,27,28,29,30,31,a31-0,a31-1,32,33,34,35,36,37	ENSP00000377777.2	known	GRCh37:12:complement(join(56101261..56101466,56096835..56096962,56096656..56096735,56094683..56094938,56094046..56094177,56092494..56092701,56092167..56092360,56091722..56091810,56091479..56091606,56091235..56091330,56091000..56091061,56090683..56090852,56090067..56090216,56089306..56089421,56088562..56088754,56088399..56088479,56088227..56088306,56088040..56088114,56087805..56087907,56086925..56087101,56086628..56086759,56082628..56082741,56081986..56082084,56081755..56081880,56079986..56080098,56079012..56079072))	12	ENSG00000135424.11	ENST00000394230.2	protein_coding	protein_coding	6143	ITGA7		3679	1122	1	37
67	ENSP00000377777.2	PF01839	FG-GAP	1.2e-12	43.0	385	418	fGyslavg.DvNGDGyaDLavGApeskggaygGaVyvl	FGISLAVLgDLNQDGFPDIAVG----APFDGDGKVFIY	1,2,3,4,5,6,7,8,a8-0,9,10,11,12,13,14,15,16,17,18,19,20,21,22,23,24,25,26,27,28,29,30,31,32,33,34,35,36,37	ENSP00000377777.2	known	GRCh37:12:complement(join(56101261..56101466,56096835..56096962,56096656..56096735,56094683..56094938,56094046..56094177,56092494..56092701,56092167..56092360,56091722..56091810,56091479..56091606,56091235..56091330,56091000..56091061,56090683..56090852,56090067..56090216,56089306..56089421,56088562..56088754,56088399..56088479,56088227..56088306,56088040..56088114,56087805..56087907,56086925..56087101,56086628..56086759,56082628..56082741,56081986..56082084,56081755..56081880,56079986..56080098,56079012..56079072))	12	ENSG00000135424.11	ENST00000394230.2	protein_coding	protein_coding	6143	ITGA7		3679	1122	1	37
68	ENSP00000380227.2	PF01839	FG-GAP	1.1e-13	46.4	306	342	fGyslavgDvNGDGyaDLavGApeskggayg..GaVyvl	FGASVCAVDLNADGFSDLLVGAPM--QSTIReeGRVFVY	1,2,3,4,5,6,7,8,9,10,11,12,13,14,15,16,17,18,19,20,21,22,23,24,25,26,27,28,29,30,31,a31-0,a31-1,32,33,34,35,36,37	ENSP00000380227.2	known	GRCh37:2:join(182322382..182322578,182322923..182323044,182339687..182339793,182339886..182340015,182343484..182343551,182344864..182344993,182346325..182346410,182347087..182347149,182347241..182347378,182350608..182350719,182358052..182358146,182359449..182359539,182360098..182360143,182360510..182360664,182363350..182363504,182374385..182374534,182376426..182376502,182386918..182387068,182388164..182388259,182388898..182388977,182389929..182390018,182392024..182392114,182394268..182394375,182395251..182395376,182396384..182396503,182398999..182399097,182399543..182399662,182400159..182400254)	2	ENSG00000115232.9	ENST00000397033.2	protein_coding	protein_coding	6140	ITGA4	NP_000876	3676	1032	1	37
69	ENSP00000380227.2	PF01839	FG-GAP	1.2e-10	36.2	369	403	fGyslavgDvNGDGyaDLavGApeskggayg..GaVyvl	GESIVNLGDIDNDGFEDVAIG----APQEDDlqGAIYIY	1,2,3,4,5,6,7,8,9,10,11,12,13,14,15,16,17,18,19,20,21,22,23,24,25,26,27,28,29,30,31,a31-0,a31-1,32,33,34,35,36,37	ENSP00000380227.2	known	GRCh37:2:join(182322382..182322578,182322923..182323044,182339687..182339793,182339886..182340015,182343484..182343551,182344864..182344993,182346325..182346410,182347087..182347149,182347241..182347378,182350608..182350719,182358052..182358146,182359449..182359539,182360098..182360143,182360510..182360664,182363350..182363504,182374385..182374534,182376426..182376502,182386918..182387068,182388164..182388259,182388898..182388977,182389929..182390018,182392024..182392114,182394268..182394375,182395251..182395376,182396384..182396503,182398999..182399097,182399543..182399662,182400159..182400254)	2	ENSG00000115232.9	ENST00000397033.2	protein_coding	protein_coding	6140	ITGA4	NP_000876	3676	1032	1	37
70	ENSP00000386614.1	PF01839	FG-GAP	1.7e-14	49.0	197	235	fGyslavgDvNGDGyaDLavGApe..skggaygGaVyvl	FGYDVAVVDLNKDGWQDIVIGAPQyfDRDGEVGGAVYVY	1,2,3,4,5,6,7,8,9,10,11,12,13,14,15,16,17,18,19,20,21,22,23,24,a24-0,a24-1,25,26,27,28,29,30,31,32,33,34,35,36,37	ENSP00000386614.1	known	GRCh37:2:join(173332244..173332288,173333853..173334108,173337502..173337618,173338783..173338993,173339657..173339850,173340325..173340413,173341123..173341241,173344369..173344467,173344718..173344779,173349510..173349670,173349849..173349992,173351751..173351866,173351992..173352181,173352275..173352358,173352456..173352535,173352689..173352766,173352854..173352956,173354213..173354386,173355752..173355850,173355949..173356059,173356153..173356251,173362703..173362828,173366500..173366607)	2	ENSG00000091409.10	ENST00000409532.1	protein_coding	protein_coding	6142	ITGA6		3655	954	1	37
71	ENSP00000386614.1	PF01839	FG-GAP	1.3e-07	26.2	258	291	fGyslavg.DvNGDGyaDLavGApeskggaygGaVyvl	FGIAVKNIgDINQDGYPDIAVG----APYDDLGKVFIY	1,2,3,4,5,6,7,8,a8-0,9,10,11,12,13,14,15,16,17,18,19,20,21,22,23,24,25,26,27,28,29,30,31,32,33,34,35,36,37	ENSP00000386614.1	known	GRCh37:2:join(173332244..173332288,173333853..173334108,173337502..173337618,173338783..173338993,173339657..173339850,173340325..173340413,173341123..173341241,173344369..173344467,173344718..173344779,173349510..173349670,173349849..173349992,173351751..173351866,173351992..173352181,173352275..173352358,173352456..173352535,173352689..173352766,173352854..173352956,173354213..173354386,173355752..173355850,173355949..173356059,173356153..173356251,173362703..173362828,173366500..173366607)	2	ENSG00000091409.10	ENST00000409532.1	protein_coding	protein_coding	6142	ITGA6		3655	954	1	37
72	ENSP00000386896.1	PF01839	FG-GAP	1.7e-14	49.0	316	354	fGyslavgDvNGDGyaDLavGApe..skggaygGaVyvl	FGYDVAVVDLNKDGWQDIVIGAPQyfDRDGEVGGAVYVY	1,2,3,4,5,6,7,8,9,10,11,12,13,14,15,16,17,18,19,20,21,22,23,24,a24-0,a24-1,25,26,27,28,29,30,31,32,33,34,35,36,37	ENSP00000386896.1	known	GRCh37:2:join(173292517..173292698,173330267..173330391,173332209..173332288,173333853..173334108,173335702..173335833,173338783..173338993,173339657..173339850,173340325..173340413,173341123..173341241,173344369..173344467,173344718..173344779,173349510..173349670,173349849..173349992,173351751..173351866,173351992..173352181,173352275..173352358,173352456..173352535,173352689..173352766,173352854..173352956,173354213..173354386,173355752..173355850,173355949..173356059,173356153..173356251,173362703..173362828,173368819..173368980)	2	ENSG00000091409.10	ENST00000409080.1	protein_coding	protein_coding	6142	ITGA6	NP_001073286	3655	1091	1	37
73	ENSP00000386896.1	PF01839	FG-GAP	1.3e-07	26.2	377	410	fGyslavg.DvNGDGyaDLavGApeskggaygGaVyvl	FGIAVKNIgDINQDGYPDIAVG----APYDDLGKVFIY	1,2,3,4,5,6,7,8,a8-0,9,10,11,12,13,14,15,16,17,18,19,20,21,22,23,24,25,26,27,28,29,30,31,32,33,34,35,36,37	ENSP00000386896.1	known	GRCh37:2:join(173292517..173292698,173330267..173330391,173332209..173332288,173333853..173334108,173335702..173335833,173338783..173338993,173339657..173339850,173340325..173340413,173341123..173341241,173344369..173344467,173344718..173344779,173349510..173349670,173349849..173349992,173351751..173351866,173351992..173352181,173352275..173352358,173352456..173352535,173352689..173352766,173352854..173352956,173354213..173354386,173355752..173355850,173355949..173356059,173356153..173356251,173362703..173362828,173368819..173368980)	2	ENSG00000091409.10	ENST00000409080.1	protein_coding	protein_coding	6142	ITGA6	NP_001073286	3655	1091	1	37
74	ENSP00000393844.2	PF01839	FG-GAP	6.3e-17	57.1	227	265	fGyslavgDvNGDGyaDLavGApeskggayg..GaVyvl	FGYSLAVADLNSDGWPDLIVGAPYFFERQEElgGAVYVY	1,2,3,4,5,6,7,8,9,10,11,12,13,14,15,16,17,18,19,20,21,22,23,24,25,26,27,28,29,30,31,a31-0,a31-1,32,33,34,35,36,37	ENSP00000393844.2	known	GRCh37:12:complement(join(56106041..56106053,56105847..56105918,56095163..56095200,56094683..56094938,56094046..56094177,56092494..56092701,56092167..56092360,56091722..56091810,56091479..56091606,56091235..56091330,56091000..56091061,56090683..56090852,56090067..56090216,56089306..56089421,56088562..56088754,56088399..56088479,56088227..56088306,56088040..56088114,56087805..56087907,56086925..56087101,56086628..56086759,56082628..56082741,56081986..56082084,56081755..56081880,56078842..56079072))	12	ENSG00000135424.11	ENST00000452168.2	protein_coding	protein_coding	6143	ITGA7	NP_001138469	3679	1044	1	37
75	ENSP00000393844.2	PF01839	FG-GAP	1.2e-12	43.0	288	321	fGyslavg.DvNGDGyaDLavGApeskggaygGaVyvl	FGISLAVLgDLNQDGFPDIAVG----APFDGDGKVFIY	1,2,3,4,5,6,7,8,a8-0,9,10,11,12,13,14,15,16,17,18,19,20,21,22,23,24,25,26,27,28,29,30,31,32,33,34,35,36,37	ENSP00000393844.2	known	GRCh37:12:complement(join(56106041..56106053,56105847..56105918,56095163..56095200,56094683..56094938,56094046..56094177,56092494..56092701,56092167..56092360,56091722..56091810,56091479..56091606,56091235..56091330,56091000..56091061,56090683..56090852,56090067..56090216,56089306..56089421,56088562..56088754,56088399..56088479,56088227..56088306,56088040..56088114,56087805..56087907,56086925..56087101,56086628..56086759,56082628..56082741,56081986..56082084,56081755..56081880,56078842..56079072))	12	ENSG00000135424.11	ENST00000452168.2	protein_coding	protein_coding	6143	ITGA7	NP_001138469	3679	1044	1	37
76	ENSP00000394169.1	PF01839	FG-GAP	1.7e-14	49.0	311	349	fGyslavgDvNGDGyaDLavGApe..skggaygGaVyvl	FGYDVAVVDLNKDGWQDIVIGAPQyfDRDGEVGGAVYVY	1,2,3,4,5,6,7,8,9,10,11,12,13,14,15,16,17,18,19,20,21,22,23,24,a24-0,a24-1,25,26,27,28,29,30,31,32,33,34,35,36,37	ENSP00000394169.1	known	GRCh37:2:join(173292517..173292698,173330267..173330391,173332209..173332288,173333853..173334108,173337502..173337618,173338783..173338993,173339657..173339850,173340325..173340413,173341123..173341241,173344369..173344467,173344718..173344779,173349510..173349670,173349849..173349992,173351751..173351866,173351992..173352181,173352275..173352358,173352456..173352535,173352689..173352766,173352854..173352956,173354213..173354386,173355752..173355850,173355949..173356059,173356153..173356251,173362703..173362828,173368819..173368977)	2	ENSG00000091409.10	ENST00000458358.1	protein_coding	protein_coding	6142	ITGA6		3655	1085	1	37
77	ENSP00000394169.1	PF01839	FG-GAP	1.3e-07	26.2	372	405	fGyslavg.DvNGDGyaDLavGApeskggaygGaVyvl	FGIAVKNIgDINQDGYPDIAVG----APYDDLGKVFIY	1,2,3,4,5,6,7,8,a8-0,9,10,11,12,13,14,15,16,17,18,19,20,21,22,23,24,25,26,27,28,29,30,31,32,33,34,35,36,37	ENSP00000394169.1	known	GRCh37:2:join(173292517..173292698,173330267..173330391,173332209..173332288,173333853..173334108,173337502..173337618,173338783..173338993,173339657..173339850,173340325..173340413,173341123..173341241,173344369..173344467,173344718..173344779,173349510..173349670,173349849..173349992,173351751..173351866,173351992..173352181,173352275..173352358,173352456..173352535,173352689..173352766,173352854..173352956,173354213..173354386,173355752..173355850,173355949..173356059,173356153..173356251,173362703..173362828,173368819..173368977)	2	ENSG00000091409.10	ENST00000458358.1	protein_coding	protein_coding	6142	ITGA6		3655	1085	1	37
78	ENSP00000397258.1	PF01839	FG-GAP	1.3999999999999998e-16	56.0	304	340	fGyslavgDvNGDGyaDLavGApeskggaygGaVyvl	FGSSLCAVDLNGDGLSDLLVGAPMFSEIRDEGQVTVY	1,2,3,4,5,6,7,8,9,10,11,12,13,14,15,16,17,18,19,20,21,22,23,24,25,26,27,28,29,30,31,32,33,34,35,36,37	ENSP00000397258.1	putative	GRCh37:3:join(37493866..37494050,37512498..37512625,37514845..37514951,37522975..37523098,37535992..37536059,37544669..37544798,37547491..37547576,37550050..37550118,37555254..37555391,37558995..37559100,37560751..37560845,37565012..37565102,37567517..37567562,37574805..37574959,37583916..37584076,37670678..37670887)	3	ENSG00000144668.7	ENST00000422441.1	protein_coding	protein_coding	6145	ITGA9		3680	632	1	37
79	ENSP00000397258.1	PF01839	FG-GAP	7.4e-12	40.3	364	399	fGyslavg.DvNGDGyaDLavGApeskggayg..GaVyvl	FGESIASLdDLDNDGFPDVAIG----APKEDDfaGAVYIY	1,2,3,4,5,6,7,8,a8-0,9,10,11,12,13,14,15,16,17,18,19,20,21,22,23,24,25,26,27,28,29,30,31,a31-0,a31-1,32,33,34,35,36,37	ENSP00000397258.1	putative	GRCh37:3:join(37493866..37494050,37512498..37512625,37514845..37514951,37522975..37523098,37535992..37536059,37544669..37544798,37547491..37547576,37550050..37550118,37555254..37555391,37558995..37559100,37560751..37560845,37565012..37565102,37567517..37567562,37574805..37574959,37583916..37584076,37670678..37670887)	3	ENSG00000144668.7	ENST00000422441.1	protein_coding	protein_coding	6145	ITGA9		3680	632	1	37
80	ENSP00000403392.2	PF01839	FG-GAP	1.3000000000000001e-12	42.8	480	518	fGyslavgDvNGDGyaDLavGA.peskggayg.GaVyvl	FGSEITSVDIDGDGVTDVLLVGaPMYFNEGRErGKVYVY	1,2,3,4,5,6,7,8,9,10,11,12,13,14,15,16,17,18,19,20,21,22,a22-0,23,24,25,26,27,28,29,30,31,a31-0,32,33,34,35,36,37	ENSP00000403392.2	novel	GRCh37:15:complement(join(68724354..68724405,68695257..68695368,68661522..68661622,68657045..68657136,68653928..68654042,68650796..68650923,68649489..68649637,68643596..68643740,68642955..68643120,68641168..68641238,68631838..68631982,68628035..68628183,68624676..68624816,68624197..68624400,68623319..68623449,68620434..68620600,68618992..68619134,68617469..68617579,68613756..68613841,68612523..68612730,68609603..68609701,68607989..68608065,68606117..68606206,68605111..68605201,68603625..68603741,68603332..68603418,68599924..68600034,68599686..68599781,68596110..68596223,68595397..68595468))	15	ENSG00000137809.12	ENST00000423218.2	protein_coding	protein_coding	6136	ITGA11	XP_005254284	22801	1189	1	37
81	ENSP00000403392.2	PF01839	FG-GAP	6.900000000000001e-12	40.4	542	577	fGyslavg.DvNGDGyaDLavGApeskggayg..GaVyvl	FGSSIASVrDLNQDSYNDVVVG----APLEDNhaGAIYIF	1,2,3,4,5,6,7,8,a8-0,9,10,11,12,13,14,15,16,17,18,19,20,21,22,23,24,25,26,27,28,29,30,31,a31-0,a31-1,32,33,34,35,36,37	ENSP00000403392.2	novel	GRCh37:15:complement(join(68724354..68724405,68695257..68695368,68661522..68661622,68657045..68657136,68653928..68654042,68650796..68650923,68649489..68649637,68643596..68643740,68642955..68643120,68641168..68641238,68631838..68631982,68628035..68628183,68624676..68624816,68624197..68624400,68623319..68623449,68620434..68620600,68618992..68619134,68617469..68617579,68613756..68613841,68612523..68612730,68609603..68609701,68607989..68608065,68606117..68606206,68605111..68605201,68603625..68603741,68603332..68603418,68599924..68600034,68599686..68599781,68596110..68596223,68595397..68595468))	15	ENSG00000137809.12	ENST00000423218.2	protein_coding	protein_coding	6136	ITGA11	XP_005254284	22801	1189	1	37
82	ENSP00000404291.2	PF01839	FG-GAP	8.7e-12	40.1	206	240	fGyslavgDvNGDGyaDLavGApeskggayg..GaVyvl	LGYSVAVGDFNGDGIDDFVSG----VPRAARtlGMVYIY	1,2,3,4,5,6,7,8,9,10,11,12,13,14,15,16,17,18,19,20,21,22,23,24,25,26,27,28,29,30,31,a31-0,a31-1,32,33,34,35,36,37	ENSP00000404291.2	known	GRCh37:2:join(187465062..187465108,187466748..187466878,187487066..187487157,187490200..187490314,187495524..187495585,187498056..187498101,187500809..187500934,187501792..187501836,187503004..187503047,187503136..187503192,187505642..187505694,187506113..187506315,187511413..187511604,187514567..187514612,187516709..187516816,187519377..187519435,187520974..187521128,187523765..187523902,187528495..187528562,187529221..187529368,187529853..187529945,187531431..187531510,187531877..187531957,187532398..187532503,187533489..187533647,187534428..187534541,187540331..187540444,187540547..187540654,187541540..187541662,187541924..187542019)	2	ENSG00000138448.7	ENST00000433736.2	protein_coding	protein_coding	6150	ITGAV	NP_001138471	3685	1002	1	37
83	ENSP00000404291.2	PF01839	FG-GAP	6.4e-11	37.2	260	302	fGyslavgDvNGDGyaDLavGA..pe...skggayg.GaVyvl	FGFSVAATDINGDDYADVFIGAplFMdrgSDGKLQEvGQVSVS	1,2,3,4,5,6,7,8,9,10,11,12,13,14,15,16,17,18,19,20,21,22,a22-0,a22-1,23,24,a24-0,a24-1,a24-2,25,26,27,28,29,30,31,a31-0,32,33,34,35,36,37	ENSP00000404291.2	known	GRCh37:2:join(187465062..187465108,187466748..187466878,187487066..187487157,187490200..187490314,187495524..187495585,187498056..187498101,187500809..187500934,187501792..187501836,187503004..187503047,187503136..187503192,187505642..187505694,187506113..187506315,187511413..187511604,187514567..187514612,187516709..187516816,187519377..187519435,187520974..187521128,187523765..187523902,187528495..187528562,187529221..187529368,187529853..187529945,187531431..187531510,187531877..187531957,187532398..187532503,187533489..187533647,187534428..187534541,187540331..187540444,187540547..187540654,187541540..187541662,187541924..187542019)	2	ENSG00000138448.7	ENST00000433736.2	protein_coding	protein_coding	6150	ITGAV	NP_001138471	3685	1002	1	37
84	ENSP00000404291.2	PF01839	FG-GAP	1.9e-11	38.9	324	360	fGyslavg.DvNGDGyaDLavGApeskggayg.GaVyvl	FGSAIAPLgDLDQDGFNDIAIAAPY--GGEDKkGIVYIF	1,2,3,4,5,6,7,8,a8-0,9,10,11,12,13,14,15,16,17,18,19,20,21,22,23,24,25,26,27,28,29,30,31,a31-0,32,33,34,35,36,37	ENSP00000404291.2	known	GRCh37:2:join(187465062..187465108,187466748..187466878,187487066..187487157,187490200..187490314,187495524..187495585,187498056..187498101,187500809..187500934,187501792..187501836,187503004..187503047,187503136..187503192,187505642..187505694,187506113..187506315,187511413..187511604,187514567..187514612,187516709..187516816,187519377..187519435,187520974..187521128,187523765..187523902,187528495..187528562,187529221..187529368,187529853..187529945,187531431..187531510,187531877..187531957,187532398..187532503,187533489..187533647,187534428..187534541,187540331..187540444,187540547..187540654,187541540..187541662,187541924..187542019)	2	ENSG00000138448.7	ENST00000433736.2	protein_coding	protein_coding	6150	ITGAV	NP_001138471	3685	1002	1	37
85	ENSP00000406694.1	PF01839	FG-GAP	1.7e-14	49.0	355	393	fGyslavgDvNGDGyaDLavGApe..skggaygGaVyvl	FGYDVAVVDLNKDGWQDIVIGAPQyfDRDGEVGGAVYVY	1,2,3,4,5,6,7,8,9,10,11,12,13,14,15,16,17,18,19,20,21,22,23,24,a24-0,a24-1,25,26,27,28,29,30,31,32,33,34,35,36,37	ENSP00000406694.1	known	GRCh37:2:join(173292517..173292698,173330267..173330391,173332209..173332288,173333853..173334108,173335702..173335833,173337502..173337618,173338783..173338993,173339657..173339850,173340325..173340413,173341123..173341241,173344369..173344467,173344718..173344779,173349510..173349670,173349849..173349992,173351751..173351866,173351992..173352181,173352275..173352358,173352456..173352535,173352689..173352766,173352854..173352956,173354213..173354386,173355752..173355850,173355949..173356059,173356153..173356251,173362703..173362828,173368819..173368977)	2	ENSG00000091409.10	ENST00000442250.1	protein_coding	protein_coding	6142	ITGA6		3655	1129	1	37
86	ENSP00000406694.1	PF01839	FG-GAP	1.3e-07	26.2	416	449	fGyslavg.DvNGDGyaDLavGApeskggaygGaVyvl	FGIAVKNIgDINQDGYPDIAVG----APYDDLGKVFIY	1,2,3,4,5,6,7,8,a8-0,9,10,11,12,13,14,15,16,17,18,19,20,21,22,23,24,25,26,27,28,29,30,31,32,33,34,35,36,37	ENSP00000406694.1	known	GRCh37:2:join(173292517..173292698,173330267..173330391,173332209..173332288,173333853..173334108,173335702..173335833,173337502..173337618,173338783..173338993,173339657..173339850,173340325..173340413,173341123..173341241,173344369..173344467,173344718..173344779,173349510..173349670,173349849..173349992,173351751..173351866,173351992..173352181,173352275..173352358,173352456..173352535,173352689..173352766,173352854..173352956,173354213..173354386,173355752..173355850,173355949..173356059,173356153..173356251,173362703..173362828,173368819..173368977)	2	ENSG00000091409.10	ENST00000442250.1	protein_coding	protein_coding	6142	ITGA6		3655	1129	1	37
87	ENSP00000413470.1	PF01839	FG-GAP	6.3e-07	23.9	202	230	fGyslavgDvNGDGyaDLavGApeskggaygGaVyvl	FGYDVAVVDLNKDGWQDIVIGAPQ--YFDRD------	1,2,3,4,5,6,7,8,9,10,11,12,13,14,15,16,17,18,19,20,21,22,23,24,25,26,27,28,29,30,31,32,33,34,35,36,37	ENSP00000413470.1	putative	GRCh37:2:join(173332244..173332288,173333853..173334108,173335702..173335833,173338783..173338993,173339657..173339705)	2	ENSG00000091409.10	ENST00000412899.1	protein_coding	protein_coding	6142	ITGA6		3655	230	1	37
88	ENSP00000439894.1	PF01839	FG-GAP	2.7999999999999996e-10	35.1	343	382	fGyslavgDvNGDGyaDLavGA.pe.skggayg.GaVyvl	FGSELCPLDTDRDGTTDVLLVAaPMfLGPQNKEtGRVYVY	1,2,3,4,5,6,7,8,9,10,11,12,13,14,15,16,17,18,19,20,21,22,a22-0,23,24,a24-0,25,26,27,28,29,30,31,a31-0,32,33,34,35,36,37	ENSP00000439894.1	known	GRCh37:1:join(145525066..145525117,145530267..145530394,145530878..145531026,145532115..145532265,145532457..145532622,145532757..145532830,145533055..145533199,145533412..145533560,145533798..145533941,145534083..145534286,145534889..145535019,145535735..145535901,145535998..145536140,145536853..145536966,145537176..145537261,145537423..145537564,145537737..145537829,145537989..145538065,145538218..145538307,145538724..145538808,145538980..145539093,145539365..145539445,145539683..145539796,145541441..145541536,145541802..145541915,145542213..145542278)	1	ENSG00000143127.8	ENST00000539363.1	protein_coding	protein_coding	6135	ITGA10		8515	1024	1	37
89	ENSP00000439894.1	PF01839	FG-GAP	2.7e-11	38.4	406	441	fGyslavg.DvNGDGyaDLavGApeskggayg..GaVyvl	FGFAMGALpDLNQDGFADVAVG----APLEDGhqGALYLY	1,2,3,4,5,6,7,8,a8-0,9,10,11,12,13,14,15,16,17,18,19,20,21,22,23,24,25,26,27,28,29,30,31,a31-0,a31-1,32,33,34,35,36,37	ENSP00000439894.1	known	GRCh37:1:join(145525066..145525117,145530267..145530394,145530878..145531026,145532115..145532265,145532457..145532622,145532757..145532830,145533055..145533199,145533412..145533560,145533798..145533941,145534083..145534286,145534889..145535019,145535735..145535901,145535998..145536140,145536853..145536966,145537176..145537261,145537423..145537564,145537737..145537829,145537989..145538065,145538218..145538307,145538724..145538808,145538980..145539093,145539365..145539445,145539683..145539796,145541441..145541536,145541802..145541915,145542213..145542278)	1	ENSG00000143127.8	ENST00000539363.1	protein_coding	protein_coding	6135	ITGA10		8515	1024	1	37
90	ENSP00000440011.1	PF01839	FG-GAP	2.7999999999999996e-10	35.1	355	394	fGyslavgDvNGDGyaDLavGA.pe.skggayg.GaVyvl	FGSELCPLDTDRDGTTDVLLVAaPMfLGPQNKEtGRVYVY	1,2,3,4,5,6,7,8,9,10,11,12,13,14,15,16,17,18,19,20,21,22,a22-0,23,24,a24-0,25,26,27,28,29,30,31,a31-0,32,33,34,35,36,37	ENSP00000440011.1	known	GRCh37:1:join(145527637..145527724,145530267..145530394,145530878..145531026,145532115..145532265,145532457..145532622,145532757..145532830,145533055..145533199,145533412..145533560,145533798..145533941,145534083..145534286,145534889..145535019,145535735..145535901,145535998..145536140,145536853..145536966,145537176..145537261,145537423..145537564,145537737..145537829,145537989..145538065,145538218..145538307,145538724..145538808,145538980..145539093,145539365..145539445,145539683..145539796,145541441..145541536,145541802..145541915,145542213..145542278)	1	ENSG00000143127.8	ENST00000538811.1	protein_coding	protein_coding	6135	ITGA10	XP_005273036	8515	1036	1	37
91	ENSP00000440011.1	PF01839	FG-GAP	2.7e-11	38.4	418	453	fGyslavg.DvNGDGyaDLavGApeskggayg..GaVyvl	FGFAMGALpDLNQDGFADVAVG----APLEDGhqGALYLY	1,2,3,4,5,6,7,8,a8-0,9,10,11,12,13,14,15,16,17,18,19,20,21,22,23,24,25,26,27,28,29,30,31,a31-0,a31-1,32,33,34,35,36,37	ENSP00000440011.1	known	GRCh37:1:join(145527637..145527724,145530267..145530394,145530878..145531026,145532115..145532265,145532457..145532622,145532757..145532830,145533055..145533199,145533412..145533560,145533798..145533941,145534083..145534286,145534889..145535019,145535735..145535901,145535998..145536140,145536853..145536966,145537176..145537261,145537423..145537564,145537737..145537829,145537989..145538065,145538218..145538307,145538724..145538808,145538980..145539093,145539365..145539445,145539683..145539796,145541441..145541536,145541802..145541915,145542213..145542278)	1	ENSG00000143127.8	ENST00000538811.1	protein_coding	protein_coding	6135	ITGA10	XP_005273036	8515	1036	1	37
92	ENSP00000441691.2	PF01839	FG-GAP	7.4e-09	30.3	457	494	fGyslavgDvNGDGyaDLavGA.peskggaygGaVyvl	FGASLCSVDVDSNGSTDLVLIGaPHYYEQTRGGQVSVC	1,2,3,4,5,6,7,8,9,10,11,12,13,14,15,16,17,18,19,20,21,22,a22-0,23,24,25,26,27,28,29,30,31,32,33,34,35,36,37	ENSP00000441691.2	known	GRCh37:16:join(31271386..31271413,31273013..31273118,31276716..31276819,31277132..31277202,31277351..31277468,31282275..31282405,31283168..31283313,31284686..31284839,31286870..31287020,31287992..31288065,31288241..31288370,31289288..31289430,31308835..31308975,31309063..31309275,31332562..31332692,31332785..31332948,31335720..31335874,31335972..31336103,31336279..31336352,31336584..31336725,31336821..31336943,31338177..31338256,31339468..31339551,31340549..31340624,31341119..31341226,31341402..31341485,31341629..31341742,31341825..31341926,31342486..31342596,31342957..31343028)	16	ENSG00000169896.12	ENST00000544665.3	protein_coding	protein_coding	6149	ITGAM	NP_001139280	3684	1153	1	37
93	ENSP00000441691.2	PF01839	FG-GAP	2.4e-12	41.9	521	556	fGyslavg.DvNGDGyaDLavGApeskggayg..GaVyvl	FGAALTVLgDVNGDKLTDVAIG----APGEEDnrGAVYLF	1,2,3,4,5,6,7,8,a8-0,9,10,11,12,13,14,15,16,17,18,19,20,21,22,23,24,25,26,27,28,29,30,31,a31-0,a31-1,32,33,34,35,36,37	ENSP00000441691.2	known	GRCh37:16:join(31271386..31271413,31273013..31273118,31276716..31276819,31277132..31277202,31277351..31277468,31282275..31282405,31283168..31283313,31284686..31284839,31286870..31287020,31287992..31288065,31288241..31288370,31289288..31289430,31308835..31308975,31309063..31309275,31332562..31332692,31332785..31332948,31335720..31335874,31335972..31336103,31336279..31336352,31336584..31336725,31336821..31336943,31338177..31338256,31339468..31339551,31340549..31340624,31341119..31341226,31341402..31341485,31341629..31341742,31341825..31341926,31342486..31342596,31342957..31343028)	16	ENSG00000169896.12	ENST00000544665.3	protein_coding	protein_coding	6149	ITGAM	NP_001139280	3684	1153	1	37
94	ENSP00000446133.1	PF01839	FG-GAP	7.999999999999999e-15	50.2	82	120	fGyslavgDvNGDGyaDLavGApeskggayg..GaVyvl	FGSAIALADLNNDGWQDLLVGAPYYFERKEEvgGAIYVF	1,2,3,4,5,6,7,8,9,10,11,12,13,14,15,16,17,18,19,20,21,22,23,24,25,26,27,28,29,30,31,a31-0,a31-1,32,33,34,35,36,37	ENSP00000446133.1	known	GRCh37:17:join(48148219..48148294,48148675..48148882,48149350..48149546,48151280..48151368,48151508..48151644,48151812..48151898,48152823..48152913)	17	ENSG00000005884.13	ENST00000544892.1	protein_coding	protein_coding	6139	ITGA3		3675	294	1	37
95	ENSP00000446133.1	PF01839	FG-GAP	8e-12	40.2	145	177	fGyslavgDvNGDGyaDLavGApeskggaygGaVyvl	GLSVASIGDINQDGFQDIAVG----APFEGLGKVYIY	1,2,3,4,5,6,7,8,9,10,11,12,13,14,15,16,17,18,19,20,21,22,23,24,25,26,27,28,29,30,31,32,33,34,35,36,37	ENSP00000446133.1	known	GRCh37:17:join(48148219..48148294,48148675..48148882,48149350..48149546,48151280..48151368,48151508..48151644,48151812..48151898,48152823..48152913)	17	ENSG00000005884.13	ENST00000544892.1	protein_coding	protein_coding	6139	ITGA3		3675	294	1	37
96	ENSP00000452120.1	PF01839	FG-GAP	6.3e-17	57.1	324	362	fGyslavgDvNGDGyaDLavGApeskggayg..GaVyvl	FGYSLAVADLNSDGWPDLIVGAPYFFERQEElgGAVYVY	1,2,3,4,5,6,7,8,9,10,11,12,13,14,15,16,17,18,19,20,21,22,23,24,25,26,27,28,29,30,31,a31-0,a31-1,32,33,34,35,36,37	ENSP00000452120.1	known	GRCh37:12:complement(join(56101261..56101466,56096835..56096962,56096656..56096735,56094683..56094938,56094046..56094177,56092494..56092701,56092167..56092360,56091722..56091810,56091479..56091606,56091235..56091330,56091000..56091061,56090683..56090852,56090067..56090216,56089306..56089421,56088562..56088754,56088399..56088479,56088227..56088306,56088040..56088114,56087805..56087907,56086925..56087101,56086628..56086759,56082628..56082741,56081986..56082084,56081755..56081880,56078842..56079072))	12	ENSG00000135424.11	ENST00000553804.1	protein_coding	protein_coding	6143	ITGA7	NP_001138468	3679	1141	1	37
97	ENSP00000452120.1	PF01839	FG-GAP	1.2e-12	43.0	385	418	fGyslavg.DvNGDGyaDLavGApeskggaygGaVyvl	FGISLAVLgDLNQDGFPDIAVG----APFDGDGKVFIY	1,2,3,4,5,6,7,8,a8-0,9,10,11,12,13,14,15,16,17,18,19,20,21,22,23,24,25,26,27,28,29,30,31,32,33,34,35,36,37	ENSP00000452120.1	known	GRCh37:12:complement(join(56101261..56101466,56096835..56096962,56096656..56096735,56094683..56094938,56094046..56094177,56092494..56092701,56092167..56092360,56091722..56091810,56091479..56091606,56091235..56091330,56091000..56091061,56090683..56090852,56090067..56090216,56089306..56089421,56088562..56088754,56088399..56088479,56088227..56088306,56088040..56088114,56087805..56087907,56086925..56087101,56086628..56086759,56082628..56082741,56081986..56082084,56081755..56081880,56078842..56079072))	12	ENSG00000135424.11	ENST00000553804.1	protein_coding	protein_coding	6143	ITGA7	NP_001138468	3679	1141	1	37
98	ENSP00000452387.1	PF01839	FG-GAP	6.3e-17	57.1	364	402	fGyslavgDvNGDGyaDLavGApeskggayg..GaVyvl	FGYSLAVADLNSDGWPDLIVGAPYFFERQEElgGAVYVY	1,2,3,4,5,6,7,8,9,10,11,12,13,14,15,16,17,18,19,20,21,22,23,24,25,26,27,28,29,30,31,a31-0,a31-1,32,33,34,35,36,37	ENSP00000452387.1	known	GRCh37:12:complement(join(56101261..56101466,56096835..56096962,56096656..56096735,56094683..56094938,56094046..56094177,56093654..56093773,56092494..56092701,56092167..56092360,56091722..56091810,56091479..56091606,56091235..56091330,56091000..56091061,56090683..56090852,56090067..56090216,56089306..56089421,56088562..56088754,56088399..56088479,56088227..56088306,56088040..56088114,56087805..56087907,56086925..56087101,56086628..56086759,56082628..56082741,56081986..56082084,56081755..56081880,56078842..56079072))	12	ENSG00000135424.11	ENST00000555728.1	protein_coding	protein_coding	6143	ITGA7	XP_005268896	3679	1181	1	37
99	ENSP00000452387.1	PF01839	FG-GAP	1.2e-12	43.0	425	458	fGyslavg.DvNGDGyaDLavGApeskggaygGaVyvl	FGISLAVLgDLNQDGFPDIAVG----APFDGDGKVFIY	1,2,3,4,5,6,7,8,a8-0,9,10,11,12,13,14,15,16,17,18,19,20,21,22,23,24,25,26,27,28,29,30,31,32,33,34,35,36,37	ENSP00000452387.1	known	GRCh37:12:complement(join(56101261..56101466,56096835..56096962,56096656..56096735,56094683..56094938,56094046..56094177,56093654..56093773,56092494..56092701,56092167..56092360,56091722..56091810,56091479..56091606,56091235..56091330,56091000..56091061,56090683..56090852,56090067..56090216,56089306..56089421,56088562..56088754,56088399..56088479,56088227..56088306,56088040..56088114,56087805..56087907,56086925..56087101,56086628..56086759,56082628..56082741,56081986..56082084,56081755..56081880,56078842..56079072))	12	ENSG00000135424.11	ENST00000555728.1	protein_coding	protein_coding	6143	ITGA7	XP_005268896	3679	1181	1	37
100	ENSP00000454623.1	PF01839	FG-GAP	2.3e-10	35.3	458	495	fGyslavgDvNGDGyaDLavGA.peskggaygGaVyvl	FGASLCSVDVDSDGSTDLVLIGaPHYYEQTRGGQVSVC	1,2,3,4,5,6,7,8,9,10,11,12,13,14,15,16,17,18,19,20,21,22,a22-0,23,24,25,26,27,28,29,30,31,32,33,34,35,36,37	ENSP00000454623.1	known	GRCh37:16:join(31366576..31366612,31367214..31367319,31367946..31368049,31368352..31368422,31368574..31368685,31371021..31371151,31371241..31371386,31371631..31371784,31372384..31372534,31373157..31373230,31373396..31373525,31373932..31374074,31374256..31374396,31374486..31374695,31382405..31382535,31382655..31382818,31382951..31383105,31383699..31383830,31383918..31383991,31384570..31384711,31388120..31388236,31388321..31388400,31388503..31388586,31390889..31390967,31391078..31391185,31391303..31391386,31391587..31391700,31391844..31391945,31392218..31392328,31393124..31393217,31393789..31393817)	16	ENSG00000140678.12	ENST00000562522.1	protein_coding	protein_coding	6152	ITGAX	NP_001273304	3687	1169	1	37
101	ENSP00000454623.1	PF01839	FG-GAP	2.7000000000000002e-12	41.7	521	556	fGyslavg.DvNGDGyaDLavGApeskggayg..GaVyvl	FGAALTVLgDVNGDKLTDVVIG----APGEEEnrGAVYLF	1,2,3,4,5,6,7,8,a8-0,9,10,11,12,13,14,15,16,17,18,19,20,21,22,23,24,25,26,27,28,29,30,31,a31-0,a31-1,32,33,34,35,36,37	ENSP00000454623.1	known	GRCh37:16:join(31366576..31366612,31367214..31367319,31367946..31368049,31368352..31368422,31368574..31368685,31371021..31371151,31371241..31371386,31371631..31371784,31372384..31372534,31373157..31373230,31373396..31373525,31373932..31374074,31374256..31374396,31374486..31374695,31382405..31382535,31382655..31382818,31382951..31383105,31383699..31383830,31383918..31383991,31384570..31384711,31388120..31388236,31388321..31388400,31388503..31388586,31390889..31390967,31391078..31391185,31391303..31391386,31391587..31391700,31391844..31391945,31392218..31392328,31393124..31393217,31393789..31393817)	16	ENSG00000140678.12	ENST00000562522.1	protein_coding	protein_coding	6152	ITGAX	NP_001273304	3687	1169	1	37
102	ENSP00000462258.1	PF01839	FG-GAP	2.7999999999999996e-10	35.1	355	394	fGyslavgDvNGDGyaDLavGA.pe.skggayg.GaVyvl	FGSELCPLDTDRDGTTDVLLVAaPMfLGPQNKEtGRVYVY	1,2,3,4,5,6,7,8,9,10,11,12,13,14,15,16,17,18,19,20,21,22,a22-0,23,24,a24-0,25,26,27,28,29,30,31,a31-0,32,33,34,35,36,37	ENSP00000462258.1	known	GRCh37:HG1287_PATCH:complement(join(146593769..146593856,146591099..146591226,146590467..146590615,146589226..146589376,146588869..146589034,146588661..146588734,146588292..146588436,146587931..146588079,146587550..146587693,146587205..146587408,146586472..146586602,146585590..146585756,146585351..146585493,146584525..146584638,146584230..146584315,146583927..146584068,146583662..146583754,146583426..146583502,146583184..146583273,146582683..146582767,146582398..146582511,146582046..146582126,146581695..146581808,146579955..146580050,146579576..146579689,146579213..146579278))	HG1287_PATCH	ENSG00000264162.1	ENST00000584001.1	protein_coding	protein_coding	6135	ITGA10	XP_005273036	8515	1036	1	37
103	ENSP00000462258.1	PF01839	FG-GAP	2.7e-11	38.4	418	453	fGyslavg.DvNGDGyaDLavGApeskggayg..GaVyvl	FGFAMGALpDLNQDGFADVAVG----APLEDGhqGALYLY	1,2,3,4,5,6,7,8,a8-0,9,10,11,12,13,14,15,16,17,18,19,20,21,22,23,24,25,26,27,28,29,30,31,a31-0,a31-1,32,33,34,35,36,37	ENSP00000462258.1	known	GRCh37:HG1287_PATCH:complement(join(146593769..146593856,146591099..146591226,146590467..146590615,146589226..146589376,146588869..146589034,146588661..146588734,146588292..146588436,146587931..146588079,146587550..146587693,146587205..146587408,146586472..146586602,146585590..146585756,146585351..146585493,146584525..146584638,146584230..146584315,146583927..146584068,146583662..146583754,146583426..146583502,146583184..146583273,146582683..146582767,146582398..146582511,146582046..146582126,146581695..146581808,146579955..146580050,146579576..146579689,146579213..146579278))	HG1287_PATCH	ENSG00000264162.1	ENST00000584001.1	protein_coding	protein_coding	6135	ITGA10	XP_005273036	8515	1036	1	37
104	ENSP00000462836.1	PF01839	FG-GAP	2.7999999999999996e-10	35.1	343	382	fGyslavgDvNGDGyaDLavGA.pe.skggayg.GaVyvl	FGSELCPLDTDRDGTTDVLLVAaPMfLGPQNKEtGRVYVY	1,2,3,4,5,6,7,8,9,10,11,12,13,14,15,16,17,18,19,20,21,22,a22-0,23,24,a24-0,25,26,27,28,29,30,31,a31-0,32,33,34,35,36,37	ENSP00000462836.1	known	GRCh37:HG1287_PATCH:complement(join(146596378..146596429,146591099..146591226,146590467..146590615,146589226..146589376,146588869..146589034,146588661..146588734,146588292..146588436,146587931..146588079,146587550..146587693,146587205..146587408,146586472..146586602,146585590..146585756,146585351..146585493,146584525..146584638,146584230..146584315,146583927..146584068,146583662..146583754,146583426..146583502,146583184..146583273,146582683..146582767,146582398..146582511,146582046..146582126,146581695..146581808,146579955..146580050,146579576..146579689,146579213..146579278))	HG1287_PATCH	ENSG00000264162.1	ENST00000580116.1	protein_coding	protein_coding	6135	ITGA10		8515	1024	1	37
105	ENSP00000462836.1	PF01839	FG-GAP	2.7e-11	38.4	406	441	fGyslavg.DvNGDGyaDLavGApeskggayg..GaVyvl	FGFAMGALpDLNQDGFADVAVG----APLEDGhqGALYLY	1,2,3,4,5,6,7,8,a8-0,9,10,11,12,13,14,15,16,17,18,19,20,21,22,23,24,25,26,27,28,29,30,31,a31-0,a31-1,32,33,34,35,36,37	ENSP00000462836.1	known	GRCh37:HG1287_PATCH:complement(join(146596378..146596429,146591099..146591226,146590467..146590615,146589226..146589376,146588869..146589034,146588661..146588734,146588292..146588436,146587931..146588079,146587550..146587693,146587205..146587408,146586472..146586602,146585590..146585756,146585351..146585493,146584525..146584638,146584230..146584315,146583927..146584068,146583662..146583754,146583426..146583502,146583184..146583273,146582683..146582767,146582398..146582511,146582046..146582126,146581695..146581808,146579955..146580050,146579576..146579689,146579213..146579278))	HG1287_PATCH	ENSG00000264162.1	ENST00000580116.1	protein_coding	protein_coding	6135	ITGA10		8515	1024	1	37
106	ENSP00000462898.1	PF01839	FG-GAP	2.7999999999999996e-10	35.1	486	525	fGyslavgDvNGDGyaDLavGA.pe.skggayg.GaVyvl	FGSELCPLDTDRDGTTDVLLVAaPMfLGPQNKEtGRVYVY	1,2,3,4,5,6,7,8,9,10,11,12,13,14,15,16,17,18,19,20,21,22,a22-0,23,24,a24-0,25,26,27,28,29,30,31,a31-0,32,33,34,35,36,37	ENSP00000462898.1	known	GRCh37:HG1287_PATCH:complement(join(146596378..146596429,146593769..146593880,146593456..146593565,146593148..146593239,146592809..146592923,146591099..146591226,146590467..146590615,146589226..146589376,146588869..146589034,146588661..146588734,146588292..146588436,146587931..146588079,146587550..146587693,146587205..146587408,146586472..146586602,146585590..146585756,146585351..146585493,146584525..146584638,146584230..146584315,146583927..146584068,146583662..146583754,146583426..146583502,146583184..146583273,146582683..146582767,146582398..146582511,146582046..146582126,146581695..146581808,146579955..146580050,146579576..146579689,146579213..146579278))	HG1287_PATCH	ENSG00000264162.1	ENST00000583017.1	protein_coding	protein_coding	6135	ITGA10	XP_005277489	8515	1167	1	37
107	ENSP00000462898.1	PF01839	FG-GAP	2.7e-11	38.4	549	584	fGyslavg.DvNGDGyaDLavGApeskggayg..GaVyvl	FGFAMGALpDLNQDGFADVAVG----APLEDGhqGALYLY	1,2,3,4,5,6,7,8,a8-0,9,10,11,12,13,14,15,16,17,18,19,20,21,22,23,24,25,26,27,28,29,30,31,a31-0,a31-1,32,33,34,35,36,37	ENSP00000462898.1	known	GRCh37:HG1287_PATCH:complement(join(146596378..146596429,146593769..146593880,146593456..146593565,146593148..146593239,146592809..146592923,146591099..146591226,146590467..146590615,146589226..146589376,146588869..146589034,146588661..146588734,146588292..146588436,146587931..146588079,146587550..146587693,146587205..146587408,146586472..146586602,146585590..146585756,146585351..146585493,146584525..146584638,146584230..146584315,146583927..146584068,146583662..146583754,146583426..146583502,146583184..146583273,146582683..146582767,146582398..146582511,146582046..146582126,146581695..146581808,146579955..146580050,146579576..146579689,146579213..146579278))	HG1287_PATCH	ENSG00000264162.1	ENST00000583017.1	protein_coding	protein_coding	6135	ITGA10	XP_005277489	8515	1167	1	37
