	#TargetID	pfam_id	domain_name	E-value	BitScore	TargetStart	TargetEnd	HMM_Seq	Target_Seq	HMM_Pos	prot	pep	chromosome	chrom_num	gene	transcript	gene_biotype	transcript_biotype	hgncID	hugoSymbol	refseq	entrez	length	HMMStart	HMMEnd
0	ENSP00000170150.3	PF01273	LBP_BPI_CETP	2.7e-27	91.6	33	184	gLdyakqeglkvlqkeleklqlpdilgeekikllgkvkynisnlkIsnlqlpslslklspgggl.llliiplslkisgklpllg.sflelavgvsitaelalerdeqGrprlvlseCsssigsislsllgglgslldlltnllektlkkvlesqlCpviqsvLsnl	ALSYVSEIGKAPLQRALQ-VTVPHFLDWSGEAL------QPTRIRILNVHVPRLHLKFIAGFGVrLLAAANFTFKVFR-----ApEPLELTLPVELLADTRVTQSSIRTPVVSISACSLFSGHANEFDGSN--STSHALLVLVQKHIKAVLSNKLCLSISNLVQGV	1,2,3,4,5,6,7,8,9,10,11,12,13,14,15,16,17,18,19,20,21,22,23,24,25,26,27,28,29,30,31,32,33,34,35,36,37,38,39,40,41,42,43,44,45,46,47,48,49,50,51,52,53,54,55,56,57,58,59,60,61,62,63,64,a64-0,65,66,67,68,69,70,71,72,73,74,75,76,77,78,79,80,81,82,83,a83-0,84,85,86,87,88,89,90,91,92,93,94,95,96,97,98,99,100,101,102,103,104,105,106,107,108,109,110,111,112,113,114,115,116,117,118,119,120,121,122,123,124,125,126,127,128,129,130,131,132,133,134,135,136,137,138,139,140,141,142,143,144,145,146,147,148,149,150,151,152,153,154,155,156,157,158,159,160,161,162,163,164	ENSP00000170150.3	known	GRCh37:20:join(31596381..31596489,31598830..31598923,31600609..31600713,31601616..31601762,31603242..31603302,31604848..31604908,31606065..31606156,31606443..31606628,31606868..31606921,31607386..31607556,31608134..31608201,31608348..31608393,31609087..31609150,31609529..31609605,31611148..31611189)	20	ENSG00000078898.6	ENST00000170150.3	protein_coding	protein_coding	16177	BPIFB2	NP_079503	80341	458	1	164
1	ENSP00000200676.3	PF01273	LBP_BPI_CETP	8e-41	136.5	36	210	gLdyakqeglkvlqkeleklqlpdilgeekikllgkvkynisnlkIsnlqlpslslklspggglllliiplslkisgklpll.........gsflelavgvsitaelalerdeq.GrprlvlseCsssigsislsllgg..lgslldlltnllektlkkvlesqlCpviqsvLsnl	ALLVLNHETAKVIQTAFQRASYPDITGEKAMMLLGQVKYGLHNIQISHLSIASSQVELVEAKSIDVSIQNVSVVFKGTLKYGyttawwlgiDQSIDFEIDSAIDLQINTQLTCDsGRVRTDAPDCYLSFHKLLLHLQGErePGWIKQLFTNFISFTLKLVLKGQICKEI-NVISNI	1,2,3,4,5,6,7,8,9,10,11,12,13,14,15,16,17,18,19,20,21,22,23,24,25,26,27,28,29,30,31,32,33,34,35,36,37,38,39,40,41,42,43,44,45,46,47,48,49,50,51,52,53,54,55,56,57,58,59,60,61,62,63,64,65,66,67,68,69,70,71,72,73,74,75,76,77,78,79,80,81,82,a82-0,a82-1,a82-2,a82-3,a82-4,a82-5,a82-6,a82-7,a82-8,83,84,85,86,87,88,89,90,91,92,93,94,95,96,97,98,99,100,101,102,103,104,105,a105-0,106,107,108,109,110,111,112,113,114,115,116,117,118,119,120,121,122,123,124,125,126,127,128,129,a129-0,a129-1,130,131,132,133,134,135,136,137,138,139,140,141,142,143,144,145,146,147,148,149,150,151,152,153,154,155,156,157,158,159,160,161,162,163,164	ENSP00000200676.3	known	GRCh37:16:join(56995892..56996009,56996922..56997036,57003298..57003432,57003523..57003593,57003826..57003913,57004945..57005014,57005233..57005293,57005904..57005995,57007243..57007422,57009013..57009063,57012003..57012167,57015070..57015137,57015559..57015592,57016077..57016149,57017238..57017323,57017504..57017578)	16	ENSG00000087237.6	ENST00000200676.3	protein_coding	protein_coding	1869	CETP	NP_000069	1071	493	1	164
2	ENSP00000217407.2	PF01273	LBP_BPI_CETP	1.8e-52	175.2	38	212	gLdyakqeglkvlqkeleklqlpdilgeekikllgkvkynisnlkIsnlqlpslslklspggglllliiplslkisgklpllgsflel.......avgvsitaelalerdeqGrprlvlseCsssigsislsllgglgslldlltnllektlkkvlesqlCpvi....qsvLsnl	GLQYAAQEGLLALQSELLRITLPDFTGDLRIPHVGRGRYEFHSLNIHSCELLHSALRPVPGQGLSLSISDSSIRVQGRWKVRKSFFKLqgsfdvsVKGISISVNLLLGSESSGRPTVTASSCSSDIADVEVDMSGDLGWLLNLFHNQIESKFQKVLESRICEMIqksvSSDLQPY	1,2,3,4,5,6,7,8,9,10,11,12,13,14,15,16,17,18,19,20,21,22,23,24,25,26,27,28,29,30,31,32,33,34,35,36,37,38,39,40,41,42,43,44,45,46,47,48,49,50,51,52,53,54,55,56,57,58,59,60,61,62,63,64,65,66,67,68,69,70,71,72,73,74,75,76,77,78,79,80,81,82,83,84,85,86,87,88,a88-0,a88-1,a88-2,a88-3,a88-4,a88-5,a88-6,89,90,91,92,93,94,95,96,97,98,99,100,101,102,103,104,105,106,107,108,109,110,111,112,113,114,115,116,117,118,119,120,121,122,123,124,125,126,127,128,129,130,131,132,133,134,135,136,137,138,139,140,141,142,143,144,145,146,147,148,149,150,151,152,153,154,155,156,157,a157-0,a157-1,a157-2,a157-3,158,159,160,161,162,163,164	ENSP00000217407.2	known	GRCh37:20:join(36974920..36975043,36977951..36978065,36979214..36979342,36982684..36982839,36983746..36983809,36989358..36989421,36992629..36992720,36993230..36993406,36995413..36995472,36997639..36997806,36999382..36999449,36999924..36999966,37001716..37001779,37002581..37002657,37005267..37005311)	20	ENSG00000129988.5	ENST00000217407.2	protein_coding	protein_coding	6517	LBP	NP_004130	3929	481	1	164
3	ENSP00000253354.1	PF01273	LBP_BPI_CETP	4e-37	124.2	43	211	gLdyakqeglkvlqkeleklqlpdilgeekikllg.......kvkynisnlkIsnlqlpslslklspggglllliiplslkisgklpllgsflelavgvsitaelalerdeqGrprlvlseCsssigsislsllgg....lgslldlltnllektlkkvlesqlCpviqsvLsnl	ELKDHNATSI------LQQLPLLSAMREKPAGGIPvlgslvnTVLKHIIWLKVITANILQLQVKPSANDQELLVKIPLDMVAGFNTPLVKTIVEFHMTTEAQATIRMDTSASGPTRLVLSDCATSHGSLRIQLLHKlsflVNALAKQVMNLLVPSLPNLVKNQLCPVIEASFNGM	1,2,3,4,5,6,7,8,9,10,11,12,13,14,15,16,17,18,19,20,21,22,23,24,25,26,27,28,29,30,31,32,33,34,35,a35-0,a35-1,a35-2,a35-3,a35-4,a35-5,a35-6,36,37,38,39,40,41,42,43,44,45,46,47,48,49,50,51,52,53,54,55,56,57,58,59,60,61,62,63,64,65,66,67,68,69,70,71,72,73,74,75,76,77,78,79,80,81,82,83,84,85,86,87,88,89,90,91,92,93,94,95,96,97,98,99,100,101,102,103,104,105,106,107,108,109,110,111,112,113,114,115,116,117,118,119,120,121,122,123,124,125,126,127,128,129,a129-0,a129-1,a129-2,a129-3,130,131,132,133,134,135,136,137,138,139,140,141,142,143,144,145,146,147,148,149,150,151,152,153,154,155,156,157,158,159,160,161,162,163,164	ENSP00000253354.1	known	GRCh37:20:join(31873880..31873994,31876547..31876688,31877691..31877798,31878763..31878912,31879713..31879794,31885331..31885394,31887705..31887790,31889039..31889218,31890165..31890218,31890722..31890880,31891764..31891831,31892652..31892697,31893808..31893871,31894717..31894793,31897514..31897573)	20	ENSG00000125999.6	ENST00000253354.1	protein_coding	protein_coding	16108	BPIFB1	NP_149974	92747	484	1	164
4	ENSP00000253362.2	PF01273	LBP_BPI_CETP	3.9e-34	114.3	53	227	gLdyakqeglkvlqkeleklqlpdilgeekikllg.......kvkynisnlkIsnlqlpslslklspggglllliiplslkisgklpllgsflelavgvsitaelalerdeq.GrprlvlseCsssigsislsllgg....lgslldlltnllektlkkvlesqlCpviqsvLsnl	GILEKLKVDLGVLQKSSA-WQLAKQKAQEAEKLLNnviskllPTNTDIFGLKISNSLILDVKAEPIDDGKGLNLSFPVTANVTVAGPIIGQIINLKASLDLLTAVTIETDPQtHQPVAVLGECASDPTSISLSLLDKhsqiINKFVNSVINTLKSTVSSLLQKEICPLIRIFIHSL	1,2,3,4,5,6,7,8,9,10,11,12,13,14,15,16,17,18,19,20,21,22,23,24,25,26,27,28,29,30,31,32,33,34,35,a35-0,a35-1,a35-2,a35-3,a35-4,a35-5,a35-6,36,37,38,39,40,41,42,43,44,45,46,47,48,49,50,51,52,53,54,55,56,57,58,59,60,61,62,63,64,65,66,67,68,69,70,71,72,73,74,75,76,77,78,79,80,81,82,83,84,85,86,87,88,89,90,91,92,93,94,95,96,97,98,99,100,101,102,103,104,105,a105-0,106,107,108,109,110,111,112,113,114,115,116,117,118,119,120,121,122,123,124,125,126,127,128,129,a129-0,a129-1,a129-2,a129-3,130,131,132,133,134,135,136,137,138,139,140,141,142,143,144,145,146,147,148,149,150,151,152,153,154,155,156,157,158,159,160,161,162,163,164	ENSP00000253362.2	known	GRCh37:20:join(31756952..31757108,31760738..31760882,31761885..31761992,31763213..31763365,31765953..31766034,31767410..31767473,31768326..31768366)	20	ENSG00000131050.6	ENST00000253362.2	protein_coding	protein_coding	16203	BPIFA2	XP_005260338	140683	249	1	164
5	ENSP00000262865.4	PF01273	LBP_BPI_CETP	1.9000000000000002e-57	191.7	44	220	gLdyakqeglkvlqkeleklqlpdilgeekikllgkvkynisnlkIsnlqlpslslklspggglllliiplslkisgklpllgsflel.......avgvsitaelalerdeq.GrprlvlseCsssigsislsllgg.lgslldlltnllektlkkvlesqlCpvi.qsv...Lsnl	GLDYASQQGTAALQKELKRIKIPDYSDSFKIKHLGKGHYSFYSMDIREFQLPSSQISMVPNVGLKFSISNANIKISGKWKAQKRFLKMsgnfdlsIEGMSISADLKLGSNPTsGKPTITCSSCSSHINSVHVHISKSkVGWLIQLFHKKIESALRNKMNSQVCEKVtNSVsseLQPY	1,2,3,4,5,6,7,8,9,10,11,12,13,14,15,16,17,18,19,20,21,22,23,24,25,26,27,28,29,30,31,32,33,34,35,36,37,38,39,40,41,42,43,44,45,46,47,48,49,50,51,52,53,54,55,56,57,58,59,60,61,62,63,64,65,66,67,68,69,70,71,72,73,74,75,76,77,78,79,80,81,82,83,84,85,86,87,88,a88-0,a88-1,a88-2,a88-3,a88-4,a88-5,a88-6,89,90,91,92,93,94,95,96,97,98,99,100,101,102,103,104,105,a105-0,106,107,108,109,110,111,112,113,114,115,116,117,118,119,120,121,122,123,124,125,126,127,128,129,a129-0,130,131,132,133,134,135,136,137,138,139,140,141,142,143,144,145,146,147,148,149,150,151,152,153,154,155,156,157,a157-0,158,159,160,a160-0,a160-1,a160-2,161,162,163,164	ENSP00000262865.4	known	GRCh37:20:join(36932614..36932755,36935969..36936083,36937332..36937460,36938893..36939054,36940276..36940339,36946815..36946878,36948585..36948676,36952272..36952448,36953176..36953235,36954667..36954834,36955990..36956057,36959450..36959492,36962832..36962895,36964000..36964076,36965548..36965586)	20	ENSG00000101425.8	ENST00000262865.4	protein_coding	protein_coding	1095	BPI	NP_001716	671	487	1	164
6	ENSP00000300399.3	PF01273	LBP_BPI_CETP	1.9e-46	155.2	38	210	gLdyakqeglkvlqkeleklqlpdilgeekikllg..kvkynisnlkIsnlqlpslslklspggglllliiplslkisgklpllg.sflel......avgvsitaelalerdeqGrprlvlseCsssigsislsllgglgslldlltnllektlkkvlesqlCpviqsvLsnl	ALDYGVQAGMKMIEQMLKEKKLPDLSGSESLEFLKvdYVNYNFSNIKISAFSFPNTSLAFVPGVGIKALTNHGTANISTDWGFESpLFQDTggadlfLSGVYFTGIIILTRNDFGHPTLKLQDCYAQLSHAHVSFSGELSVLYNSFAEPMEKPILKNLNEMLCPIIASEVKAL	1,2,3,4,5,6,7,8,9,10,11,12,13,14,15,16,17,18,19,20,21,22,23,24,25,26,27,28,29,30,31,32,33,34,35,a35-0,a35-1,36,37,38,39,40,41,42,43,44,45,46,47,48,49,50,51,52,53,54,55,56,57,58,59,60,61,62,63,64,65,66,67,68,69,70,71,72,73,74,75,76,77,78,79,80,81,82,83,a83-0,84,85,86,87,88,a88-0,a88-1,a88-2,a88-3,a88-4,a88-5,89,90,91,92,93,94,95,96,97,98,99,100,101,102,103,104,105,106,107,108,109,110,111,112,113,114,115,116,117,118,119,120,121,122,123,124,125,126,127,128,129,130,131,132,133,134,135,136,137,138,139,140,141,142,143,144,145,146,147,148,149,150,151,152,153,154,155,156,157,158,159,160,161,162,163,164	ENSP00000300399.3	known	GRCh37:22:complement(join(32853250..32853373,32849370..32849490,32843199..32843327,32841828..32841983,32841622..32841685,32838658..32838718,32833747..32833838,32831691..32831867,32829706..32829759,32828360..32828530,32827334..32827401,32815349..32815391,32813072..32813135,32811902..32811978,32810290..32810412))	22	ENSG00000184459.4	ENST00000300399.3	protein_coding	protein_coding	16503	BPIFC	NP_777592	254240	507	1	164
7	ENSP00000335290.4	PF01273	LBP_BPI_CETP	5.1e-12	40.8	30	189	gLdyakqeglkvlqkeleklqlpdilgeekikllgkvkynisnlkIsnlqlpslslklspggglllliiplslkisgklpllgsflel..avgvsitaelalerdeqGrprlvlseCsssigsislsllgg..lgslldlltnllektlkkvlesq..lCpviqsvLsnl	ALELVKQEGLRFLEQELETITIPDLRGKEG-----HFYYNISEVKVTELQLTSSELDFQPQQELMLQITNASLGLRFRRQLLYWFLKVydFLSTFITSGMRFLLNQQ-----ICPVLYHAGTVLLNSLLDTvpVRSSVDELVGIDYSLMKDPVASTsnLDMDFRGAFFPL	1,2,3,4,5,6,7,8,9,10,11,12,13,14,15,16,17,18,19,20,21,22,23,24,25,26,27,28,29,30,31,32,33,34,35,36,37,38,39,40,41,42,43,44,45,46,47,48,49,50,51,52,53,54,55,56,57,58,59,60,61,62,63,64,65,66,67,68,69,70,71,72,73,74,75,76,77,78,79,80,81,82,83,84,85,86,87,88,a88-0,a88-1,89,90,91,92,93,94,95,96,97,98,99,100,101,102,103,104,105,106,107,108,109,110,111,112,113,114,115,116,117,118,119,120,121,122,123,124,125,126,127,128,129,a129-0,a129-1,130,131,132,133,134,135,136,137,138,139,140,141,142,143,144,145,146,147,148,149,150,151,152,a152-0,a152-1,153,154,155,156,157,158,159,160,161,162,163,164	ENSP00000335290.4	known	GRCh37:20:complement(join(44539992..44540091,44539791..44539890,44538581..44538709,44536480..44536543,44536331..44536394,44534907..44534998,44533581..44533757,44533439..44533498,44531079..44531243,44530906..44530973,44528475..44528517,44528261..44528324,44528101..44528177,44527580..44527702))	20	ENSG00000100979.10	ENST00000354050.4	protein_coding	protein_coding	9093	PLTP	NP_872617	5360	441	1	164
8	ENSP00000344929.1	PF01273	LBP_BPI_CETP	4.299999999999999e-34	114.2	22	184	gLdyakqeglkvlqkeleklqlpdilgeekikllg..kvkynisnlkIsnlqlpslslklspggglllliiplslkisgklpllgsflelavgvsitaelalerdeq.GrprlvlseCsssigsislsllgglgslldlltnllektlkkvlesqlCpviqsvLsnl	ALLRLGMDIMNQVQSAMDESHILEKMAAEAGKKQPgmKPIKGITNLKVKDVQLPVITLNFVPGVG-IFQCVSTGMTVTGKSFMG-GNMEIIVALNITATNRLLRDEEtGLPVFKSEGCEVILVNVKTNLPSN--MLPKMVNKFLDSTLHKVLPGLMCPAIDAVLVYV	1,2,3,4,5,6,7,8,9,10,11,12,13,14,15,16,17,18,19,20,21,22,23,24,25,26,27,28,29,30,31,32,33,34,35,a35-0,a35-1,36,37,38,39,40,41,42,43,44,45,46,47,48,49,50,51,52,53,54,55,56,57,58,59,60,61,62,63,64,65,66,67,68,69,70,71,72,73,74,75,76,77,78,79,80,81,82,83,84,85,86,87,88,89,90,91,92,93,94,95,96,97,98,99,100,101,102,103,104,105,a105-0,106,107,108,109,110,111,112,113,114,115,116,117,118,119,120,121,122,123,124,125,126,127,128,129,130,131,132,133,134,135,136,137,138,139,140,141,142,143,144,145,146,147,148,149,150,151,152,153,154,155,156,157,158,159,160,161,162,163,164	ENSP00000344929.1	known	GRCh37:20:join(31619454..31619550,31620790..31620889,31621992..31622096,31622569..31622718,31622887..31622950,31623418..31623478,31624251..31624342,31625368..31625544,31626715..31626768,31627153..31627326,31628057..31628124,31629776..31629821,31630621..31630684,31631097..31631173,31631821..31631853)	20	ENSG00000167104.7	ENST00000349552.1	protein_coding	protein_coding	16504	BPIFB6	NP_777557	128859	453	1	164
9	ENSP00000346251.4	PF01273	LBP_BPI_CETP	7.0999999999999995e-43	143.3	58	234	gLdyakqeglkvlqkeleklqlpdilgeekikllg.............kvkynisnlkIsnlqlpslslklspggglllliiplslkisgklpllg.sflelavgvsitaelalerdeqGrprlvlseCsssigsislsllgg.....lgslldlltnllektlkkvlesqlCpviqsvLsnl	GLLSGGLLGI------LENLPLLDILKPGGGTSGGllggllgkvtsviPGLNNIIDIKVTDPQLLELGLVQSPDGHRLYVTIPLGIKLQVNTPLVGaSLLRLAVKLDITAEILAVRDKQERIHLVLGDCTHSPGSLQISLLDGlgplpIQGLLDSLTGILNKVLPELVQGNVCPLVNEVLRGL	1,2,3,4,5,6,7,8,9,10,11,12,13,14,15,16,17,18,19,20,21,22,23,24,25,26,27,28,29,30,31,32,33,34,35,a35-0,a35-1,a35-2,a35-3,a35-4,a35-5,a35-6,a35-7,a35-8,a35-9,a35-10,a35-11,a35-12,36,37,38,39,40,41,42,43,44,45,46,47,48,49,50,51,52,53,54,55,56,57,58,59,60,61,62,63,64,65,66,67,68,69,70,71,72,73,74,75,76,77,78,79,80,81,82,83,a83-0,84,85,86,87,88,89,90,91,92,93,94,95,96,97,98,99,100,101,102,103,104,105,106,107,108,109,110,111,112,113,114,115,116,117,118,119,120,121,122,123,124,125,126,127,128,129,a129-0,a129-1,a129-2,a129-3,a129-4,130,131,132,133,134,135,136,137,138,139,140,141,142,143,144,145,146,147,148,149,150,151,152,153,154,155,156,157,158,159,160,161,162,163,164	ENSP00000346251.4	known	GRCh37:20:join(31825518..31825677,31825861..31826020,31827609..31827716,31828039..31828191,31829191..31829275,31829862..31829925,31830293..31830333)	20	ENSG00000198183.7	ENST00000354297.4	protein_coding	protein_coding	15749	BPIFA1	NP_570913	51297	256	1	164
10	ENSP00000347012.5	PF01273	LBP_BPI_CETP	3.9e-34	114.3	53	227	gLdyakqeglkvlqkeleklqlpdilgeekikllg.......kvkynisnlkIsnlqlpslslklspggglllliiplslkisgklpllgsflelavgvsitaelalerdeq.GrprlvlseCsssigsislsllgg....lgslldlltnllektlkkvlesqlCpviqsvLsnl	GILEKLKVDLGVLQKSSA-WQLAKQKAQEAEKLLNnviskllPTNTDIFGLKISNSLILDVKAEPIDDGKGLNLSFPVTANVTVAGPIIGQIINLKASLDLLTAVTIETDPQtHQPVAVLGECASDPTSISLSLLDKhsqiINKFVNSVINTLKSTVSSLLQKEICPLIRIFIHSL	1,2,3,4,5,6,7,8,9,10,11,12,13,14,15,16,17,18,19,20,21,22,23,24,25,26,27,28,29,30,31,32,33,34,35,a35-0,a35-1,a35-2,a35-3,a35-4,a35-5,a35-6,36,37,38,39,40,41,42,43,44,45,46,47,48,49,50,51,52,53,54,55,56,57,58,59,60,61,62,63,64,65,66,67,68,69,70,71,72,73,74,75,76,77,78,79,80,81,82,83,84,85,86,87,88,89,90,91,92,93,94,95,96,97,98,99,100,101,102,103,104,105,a105-0,106,107,108,109,110,111,112,113,114,115,116,117,118,119,120,121,122,123,124,125,126,127,128,129,a129-0,a129-1,a129-2,a129-3,130,131,132,133,134,135,136,137,138,139,140,141,142,143,144,145,146,147,148,149,150,151,152,153,154,155,156,157,158,159,160,161,162,163,164	ENSP00000347012.5	known	GRCh37:20:join(31756952..31757108,31760738..31760882,31761885..31761992,31763213..31763365,31765953..31766034,31767410..31767473,31768326..31768366)	20	ENSG00000131050.6	ENST00000354932.5	protein_coding	protein_coding	16203	BPIFA2	NP_542141	140683	249	1	164
11	ENSP00000361508.3	PF01273	LBP_BPI_CETP	1.1e-42	142.8	30	199	gLdyakqeglkvlqkeleklqlpdilgeekikllgkvkynisnlkIsnlqlpslslklspggglllliiplslkisgklpll.......gsflelavgvsitaelalerdeqGrprlvlseCsssigsislsllgglgslldlltnllektlkkvlesqlCpvi....qsvLsnl	ALELVKQEGLRFLEQELETITIPDLRGKEG-----HFYYNISEVKVTELQLTSSELDFQPQQELMLQITNASLGLRFRRQLLywffydgGYINASAEGVSIRTGLELSRDPAGRMKVSNVSCQASVSRMHAAFGGTFKKVYDFLSTFITSGMRFLLNQQICPVLyhagTVLLNSL	1,2,3,4,5,6,7,8,9,10,11,12,13,14,15,16,17,18,19,20,21,22,23,24,25,26,27,28,29,30,31,32,33,34,35,36,37,38,39,40,41,42,43,44,45,46,47,48,49,50,51,52,53,54,55,56,57,58,59,60,61,62,63,64,65,66,67,68,69,70,71,72,73,74,75,76,77,78,79,80,81,82,a82-0,a82-1,a82-2,a82-3,a82-4,a82-5,a82-6,83,84,85,86,87,88,89,90,91,92,93,94,95,96,97,98,99,100,101,102,103,104,105,106,107,108,109,110,111,112,113,114,115,116,117,118,119,120,121,122,123,124,125,126,127,128,129,130,131,132,133,134,135,136,137,138,139,140,141,142,143,144,145,146,147,148,149,150,151,152,153,154,155,156,157,a157-0,a157-1,a157-2,a157-3,158,159,160,161,162,163,164	ENSP00000361508.3	known	GRCh37:20:complement(join(44539992..44540091,44539791..44539890,44538581..44538709,44538155..44538310,44536480..44536543,44536331..44536394,44534907..44534998,44533581..44533757,44533439..44533498,44531079..44531243,44530906..44530973,44528475..44528517,44528261..44528324,44528101..44528177,44527580..44527702))	20	ENSG00000100979.10	ENST00000372431.3	protein_coding	protein_coding	9093	PLTP	NP_006218	5360	493	1	164
12	ENSP00000364562.4	PF01273	LBP_BPI_CETP	7.0999999999999995e-43	143.3	58	234	gLdyakqeglkvlqkeleklqlpdilgeekikllg.............kvkynisnlkIsnlqlpslslklspggglllliiplslkisgklpllg.sflelavgvsitaelalerdeqGrprlvlseCsssigsislsllgg.....lgslldlltnllektlkkvlesqlCpviqsvLsnl	GLLSGGLLGI------LENLPLLDILKPGGGTSGGllggllgkvtsviPGLNNIIDIKVTDPQLLELGLVQSPDGHRLYVTIPLGIKLQVNTPLVGaSLLRLAVKLDITAEILAVRDKQERIHLVLGDCTHSPGSLQISLLDGlgplpIQGLLDSLTGILNKVLPELVQGNVCPLVNEVLRGL	1,2,3,4,5,6,7,8,9,10,11,12,13,14,15,16,17,18,19,20,21,22,23,24,25,26,27,28,29,30,31,32,33,34,35,a35-0,a35-1,a35-2,a35-3,a35-4,a35-5,a35-6,a35-7,a35-8,a35-9,a35-10,a35-11,a35-12,36,37,38,39,40,41,42,43,44,45,46,47,48,49,50,51,52,53,54,55,56,57,58,59,60,61,62,63,64,65,66,67,68,69,70,71,72,73,74,75,76,77,78,79,80,81,82,83,a83-0,84,85,86,87,88,89,90,91,92,93,94,95,96,97,98,99,100,101,102,103,104,105,106,107,108,109,110,111,112,113,114,115,116,117,118,119,120,121,122,123,124,125,126,127,128,129,a129-0,a129-1,a129-2,a129-3,a129-4,130,131,132,133,134,135,136,137,138,139,140,141,142,143,144,145,146,147,148,149,150,151,152,153,154,155,156,157,158,159,160,161,162,163,164	ENSP00000364562.4	known	GRCh37:20:join(31825518..31825677,31825861..31826020,31827609..31827716,31828039..31828191,31829191..31829275,31829862..31829925,31830293..31830333)	20	ENSG00000198183.7	ENST00000375413.4	protein_coding	protein_coding	15749	BPIFA1	NP_057667	51297	256	1	164
13	ENSP00000364571.2	PF01273	LBP_BPI_CETP	7.0999999999999995e-43	143.3	58	234	gLdyakqeglkvlqkeleklqlpdilgeekikllg.............kvkynisnlkIsnlqlpslslklspggglllliiplslkisgklpllg.sflelavgvsitaelalerdeqGrprlvlseCsssigsislsllgg.....lgslldlltnllektlkkvlesqlCpviqsvLsnl	GLLSGGLLGI------LENLPLLDILKPGGGTSGGllggllgkvtsviPGLNNIIDIKVTDPQLLELGLVQSPDGHRLYVTIPLGIKLQVNTPLVGaSLLRLAVKLDITAEILAVRDKQERIHLVLGDCTHSPGSLQISLLDGlgplpIQGLLDSLTGILNKVLPELVQGNVCPLVNEVLRGL	1,2,3,4,5,6,7,8,9,10,11,12,13,14,15,16,17,18,19,20,21,22,23,24,25,26,27,28,29,30,31,32,33,34,35,a35-0,a35-1,a35-2,a35-3,a35-4,a35-5,a35-6,a35-7,a35-8,a35-9,a35-10,a35-11,a35-12,36,37,38,39,40,41,42,43,44,45,46,47,48,49,50,51,52,53,54,55,56,57,58,59,60,61,62,63,64,65,66,67,68,69,70,71,72,73,74,75,76,77,78,79,80,81,82,83,a83-0,84,85,86,87,88,89,90,91,92,93,94,95,96,97,98,99,100,101,102,103,104,105,106,107,108,109,110,111,112,113,114,115,116,117,118,119,120,121,122,123,124,125,126,127,128,129,a129-0,a129-1,a129-2,a129-3,a129-4,130,131,132,133,134,135,136,137,138,139,140,141,142,143,144,145,146,147,148,149,150,151,152,153,154,155,156,157,158,159,160,161,162,163,164	ENSP00000364571.2	known	GRCh37:20:join(31825518..31825677,31825861..31826020,31827609..31827716,31828039..31828191,31829191..31829275,31829862..31829925,31830293..31830333)	20	ENSG00000198183.7	ENST00000375422.2	protein_coding	protein_coding	15749	BPIFA1	NP_001230122	51297	256	1	164
14	ENSP00000364601.3	PF01273	LBP_BPI_CETP	2.9e-13	45.0	28	183	gLdyakqeglkvlqkeleklqlpdilgeekikllgkvkynisnlkIsnlqlpslslklspggglllliiplslkisg.klpllgsflelavgvsitaelalerdeqGrprlvlseCsssigsislsllgg.....lgslldlltnllektlkkvlesqlCpviqsvLsnl	GLAQAHRDNK---------STLARIIAQGLIKH--NAESRIQNIHFGDR--LNASAQVAPGLV-GWLISGRKHQQQQeSRSFDNNIVKMCAHMSIVVEFWLEKDEFGRRDLVIGKCDAEPSSVHVAILTEaippkMNQFLYNLKENLQKVLPHMVESQVCPLIGEILGQL	1,2,3,4,5,6,7,8,9,10,11,12,13,14,15,16,17,18,19,20,21,22,23,24,25,26,27,28,29,30,31,32,33,34,35,36,37,38,39,40,41,42,43,44,45,46,47,48,49,50,51,52,53,54,55,56,57,58,59,60,61,62,63,64,65,66,67,68,69,70,71,72,73,74,75,76,77,a77-0,78,79,80,81,82,83,84,85,86,87,88,89,90,91,92,93,94,95,96,97,98,99,100,101,102,103,104,105,106,107,108,109,110,111,112,113,114,115,116,117,118,119,120,121,122,123,124,125,126,127,128,129,a129-0,a129-1,a129-2,a129-3,a129-4,130,131,132,133,134,135,136,137,138,139,140,141,142,143,144,145,146,147,148,149,150,151,152,153,154,155,156,157,158,159,160,161,162,163,164	ENSP00000364601.3	known	GRCh37:20:join(31805343..31805469,31811617..31811767,31812904..31813053,31814212..31814296,31814736..31814799,31815344..31815423)	20	ENSG00000131059.7	ENST00000375452.3	protein_coding	protein_coding	16204	BPIFA3	NP_001035904	128861	218	1	164
15	ENSP00000364603.3	PF01273	LBP_BPI_CETP	8.100000000000001e-29	96.6	47	219	gLdyakqeglkvlqkeleklqlpdilgeekikllg..........kvkynisnlkIsnlqlpslslklspggglllliiplslkisgklpllgsflelavgvsitaelalerdeqGrprlvlseCsssigsislsllgg.....lgslldlltnllektlkkvlesqlCpviqsvLsnl	GLIKHNAESR------IQNIHFGDRLNASAQVAPGlvgwlisgrkHQQQQESSINITNIQLDCGGIQISFHKEWFSANISLEFDLELRPSFDNNIVKMCAHMSIVVEFWLEKDEFGRRDLVIGKCDAEPSSVHVAILTEaippkMNQFLYNLKENLQKVLPHMVESQVCPLIGEILGQL	1,2,3,4,5,6,7,8,9,10,11,12,13,14,15,16,17,18,19,20,21,22,23,24,25,26,27,28,29,30,31,32,33,34,35,a35-0,a35-1,a35-2,a35-3,a35-4,a35-5,a35-6,a35-7,a35-8,a35-9,36,37,38,39,40,41,42,43,44,45,46,47,48,49,50,51,52,53,54,55,56,57,58,59,60,61,62,63,64,65,66,67,68,69,70,71,72,73,74,75,76,77,78,79,80,81,82,83,84,85,86,87,88,89,90,91,92,93,94,95,96,97,98,99,100,101,102,103,104,105,106,107,108,109,110,111,112,113,114,115,116,117,118,119,120,121,122,123,124,125,126,127,128,129,a129-0,a129-1,a129-2,a129-3,a129-4,130,131,132,133,134,135,136,137,138,139,140,141,142,143,144,145,146,147,148,149,150,151,152,153,154,155,156,157,158,159,160,161,162,163,164	ENSP00000364603.3	known	GRCh37:20:join(31805343..31805469,31811617..31811767,31812161..31812268,31812904..31813053,31814212..31814296,31814736..31814799,31815344..31815423)	20	ENSG00000131059.7	ENST00000375454.3	protein_coding	protein_coding	16204	BPIFA3	NP_848561	128861	254	1	164
16	ENSP00000364632.3	PF01273	LBP_BPI_CETP	8.4e-30	99.9	195	342	gLdyakqeglkvlqkeleklqlpdilgeekikllgkvkynisnlkIsnlqlpslslklspggglllliiplslkisgklpllgsflelavgvsitaelalerdeqGrprlvlseCsssigsislsllgglgslldlltnllektlkkvlesqlCpviqsvLsnl	GLLGD--GGL------LGGGGVLGVLGEGG---ILSTVQGITGLRIVELTLPRVSVRLLPGVG-VYLSLYTRVAING--KSLIGFLDIAVEVNITAKVRLTMDRTGYPRLVIERCDTLLGGIKVKLLRG--LLPNLVDNLVNRVLADVLPDLLCPIVDVVLGLV	1,2,3,4,5,6,7,8,9,10,11,12,13,14,15,16,17,18,19,20,21,22,23,24,25,26,27,28,29,30,31,32,33,34,35,36,37,38,39,40,41,42,43,44,45,46,47,48,49,50,51,52,53,54,55,56,57,58,59,60,61,62,63,64,65,66,67,68,69,70,71,72,73,74,75,76,77,78,79,80,81,82,83,84,85,86,87,88,89,90,91,92,93,94,95,96,97,98,99,100,101,102,103,104,105,106,107,108,109,110,111,112,113,114,115,116,117,118,119,120,121,122,123,124,125,126,127,128,129,130,131,132,133,134,135,136,137,138,139,140,141,142,143,144,145,146,147,148,149,150,151,152,153,154,155,156,157,158,159,160,161,162,163,164	ENSP00000364632.3	known	GRCh37:20:join(31669333..31669438,31670744..31670806,31671173..31671680,31672698..31672802,31673827..31673970,31676772..31676835,31677304..31677364,31678514..31678605,31680264..31680464,31682906..31682959,31685423..31685593,31688232..31688299,31690778..31690820,31692616..31692679,31695550..31695626,31699220..31699243)	20	ENSG00000186191.7	ENST00000375483.3	protein_coding	protein_coding	16179	BPIFB4	NP_872325	149954	614	1	164
17	ENSP00000364643.3	PF01273	LBP_BPI_CETP	2e-30	101.9	38	209	gLdyakqeglkvlqkeleklqlpdilgeekikllg....................kvkynisnlkIsnlqlpslslklspggglllliiplslkisgklpllgsflelavgvsitaelalerdeqGrprlvlseCsssigsislsllgglgslldlltnllektlkkvlesqlCpviqsvLsnl	ELGKAIQNSL------VGEPILQNVLGSVTAVNRGllgsggllggggllghggvfGVVEELSGLKIEELTLPKVLLKLLPGFG-VQLSLHTKVGMHCSGPLG-GLLQLAAEVNVTSRVALAVSSRGTPILILKRCSTLLGHISLF----SGLLPTPLFGVVEQMLFKVLPGLLCPVVDSVLGVV	1,2,3,4,5,6,7,8,9,10,11,12,13,14,15,16,17,18,19,20,21,22,23,24,25,26,27,28,29,30,31,32,33,34,35,a35-0,a35-1,a35-2,a35-3,a35-4,a35-5,a35-6,a35-7,a35-8,a35-9,a35-10,a35-11,a35-12,a35-13,a35-14,a35-15,a35-16,a35-17,a35-18,a35-19,36,37,38,39,40,41,42,43,44,45,46,47,48,49,50,51,52,53,54,55,56,57,58,59,60,61,62,63,64,65,66,67,68,69,70,71,72,73,74,75,76,77,78,79,80,81,82,83,84,85,86,87,88,89,90,91,92,93,94,95,96,97,98,99,100,101,102,103,104,105,106,107,108,109,110,111,112,113,114,115,116,117,118,119,120,121,122,123,124,125,126,127,128,129,130,131,132,133,134,135,136,137,138,139,140,141,142,143,144,145,146,147,148,149,150,151,152,153,154,155,156,157,158,159,160,161,162,163,164	ENSP00000364643.3	known	GRCh37:20:join(31643230..31643353,31644348..31644504,31647184..31647288,31647697..31647837,31649574..31649637,31651421..31651481,31652263..31652354,31652472..31652651,31654630..31654683,31656609..31656779,31657694..31657761,31659059..31659101,31659910..31659973,31660523..31660599,31661382..31661411)	20	ENSG00000186190.7	ENST00000375494.3	protein_coding	protein_coding	16178	BPIFB3	NP_872599	359710	476	1	164
18	ENSP00000369106.2	PF01273	LBP_BPI_CETP	8e-41	136.5	36	210	gLdyakqeglkvlqkeleklqlpdilgeekikllgkvkynisnlkIsnlqlpslslklspggglllliiplslkisgklpll.........gsflelavgvsitaelalerdeq.GrprlvlseCsssigsislsllgg..lgslldlltnllektlkkvlesqlCpviqsvLsnl	ALLVLNHETAKVIQTAFQRASYPDITGEKAMMLLGQVKYGLHNIQISHLSIASSQVELVEAKSIDVSIQNVSVVFKGTLKYGyttawwlgiDQSIDFEIDSAIDLQINTQLTCDsGRVRTDAPDCYLSFHKLLLHLQGErePGWIKQLFTNFISFTLKLVLKGQICKEI-NVISNI	1,2,3,4,5,6,7,8,9,10,11,12,13,14,15,16,17,18,19,20,21,22,23,24,25,26,27,28,29,30,31,32,33,34,35,36,37,38,39,40,41,42,43,44,45,46,47,48,49,50,51,52,53,54,55,56,57,58,59,60,61,62,63,64,65,66,67,68,69,70,71,72,73,74,75,76,77,78,79,80,81,82,a82-0,a82-1,a82-2,a82-3,a82-4,a82-5,a82-6,a82-7,a82-8,83,84,85,86,87,88,89,90,91,92,93,94,95,96,97,98,99,100,101,102,103,104,105,a105-0,106,107,108,109,110,111,112,113,114,115,116,117,118,119,120,121,122,123,124,125,126,127,128,129,a129-0,a129-1,130,131,132,133,134,135,136,137,138,139,140,141,142,143,144,145,146,147,148,149,150,151,152,153,154,155,156,157,158,159,160,161,162,163,164	ENSP00000369106.2	known	GRCh37:16:join(56995892..56996009,56996922..56997036,57003298..57003432,57003523..57003593,57003826..57003913,57004945..57005014,57005233..57005293,57005904..57005995,57009013..57009063,57012003..57012167,57015070..57015137,57015559..57015592,57016077..57016149,57017238..57017323,57017504..57017578)	16	ENSG00000087237.6	ENST00000379780.2	protein_coding	protein_coding	1869	CETP	NP_001273014	1071	433	1	164
19	ENSP00000380594.1	PF01273	LBP_BPI_CETP	1.9e-46	155.2	38	210	gLdyakqeglkvlqkeleklqlpdilgeekikllg..kvkynisnlkIsnlqlpslslklspggglllliiplslkisgklpllg.sflel......avgvsitaelalerdeqGrprlvlseCsssigsislsllgglgslldlltnllektlkkvlesqlCpviqsvLsnl	ALDYGVQAGMKMIEQMLKEKKLPDLSGSESLEFLKvdYVNYNFSNIKISAFSFPNTSLAFVPGVGIKALTNHGTANISTDWGFESpLFQDTggadlfLSGVYFTGIIILTRNDFGHPTLKLQDCYAQLSHAHVSFSGELSVLYNSFAEPMEKPILKNLNEMLCPIIASEVKAL	1,2,3,4,5,6,7,8,9,10,11,12,13,14,15,16,17,18,19,20,21,22,23,24,25,26,27,28,29,30,31,32,33,34,35,a35-0,a35-1,36,37,38,39,40,41,42,43,44,45,46,47,48,49,50,51,52,53,54,55,56,57,58,59,60,61,62,63,64,65,66,67,68,69,70,71,72,73,74,75,76,77,78,79,80,81,82,83,a83-0,84,85,86,87,88,a88-0,a88-1,a88-2,a88-3,a88-4,a88-5,89,90,91,92,93,94,95,96,97,98,99,100,101,102,103,104,105,106,107,108,109,110,111,112,113,114,115,116,117,118,119,120,121,122,123,124,125,126,127,128,129,130,131,132,133,134,135,136,137,138,139,140,141,142,143,144,145,146,147,148,149,150,151,152,153,154,155,156,157,158,159,160,161,162,163,164	ENSP00000380594.1	known	GRCh37:22:complement(join(32853250..32853373,32849370..32849490,32843199..32843327,32841828..32841983,32841622..32841685,32838658..32838718,32833747..32833838,32831691..32831867,32829706..32829759,32828360..32828530,32827334..32827401,32815349..32815391,32813072..32813135,32811902..32811978,32810290..32810412))	22	ENSG00000184459.4	ENST00000397452.1	protein_coding	protein_coding	16503	BPIFC		254240	507	1	164
20	ENSP00000417138.1	PF01273	LBP_BPI_CETP	1.1e-42	142.8	30	199	gLdyakqeglkvlqkeleklqlpdilgeekikllgkvkynisnlkIsnlqlpslslklspggglllliiplslkisgklpll.......gsflelavgvsitaelalerdeqGrprlvlseCsssigsislsllgglgslldlltnllektlkkvlesqlCpvi....qsvLsnl	ALELVKQEGLRFLEQELETITIPDLRGKEG-----HFYYNISEVKVTELQLTSSELDFQPQQELMLQITNASLGLRFRRQLLywffydgGYINASAEGVSIRTGLELSRDPAGRMKVSNVSCQASVSRMHAAFGGTFKKVYDFLSTFITSGMRFLLNQQICPVLyhagTVLLNSL	1,2,3,4,5,6,7,8,9,10,11,12,13,14,15,16,17,18,19,20,21,22,23,24,25,26,27,28,29,30,31,32,33,34,35,36,37,38,39,40,41,42,43,44,45,46,47,48,49,50,51,52,53,54,55,56,57,58,59,60,61,62,63,64,65,66,67,68,69,70,71,72,73,74,75,76,77,78,79,80,81,82,a82-0,a82-1,a82-2,a82-3,a82-4,a82-5,a82-6,83,84,85,86,87,88,89,90,91,92,93,94,95,96,97,98,99,100,101,102,103,104,105,106,107,108,109,110,111,112,113,114,115,116,117,118,119,120,121,122,123,124,125,126,127,128,129,130,131,132,133,134,135,136,137,138,139,140,141,142,143,144,145,146,147,148,149,150,151,152,153,154,155,156,157,a157-0,a157-1,a157-2,a157-3,158,159,160,161,162,163,164	ENSP00000417138.1	known	GRCh37:20:complement(join(44539992..44540091,44539791..44539890,44538581..44538709,44538155..44538310,44536480..44536543,44536331..44536394,44534907..44534998,44533581..44533757,44533439..44533498,44531079..44531243,44530906..44530973,44528475..44528517,44528261..44528324,44528101..44528177,44527580..44527702))	20	ENSG00000100979.10	ENST00000477313.1	protein_coding	protein_coding	9093	PLTP	XP_005260496	5360	493	1	164
21	ENSP00000440296.1	PF01273	LBP_BPI_CETP	1.1e-42	142.8	50	219	gLdyakqeglkvlqkeleklqlpdilgeekikllgkvkynisnlkIsnlqlpslslklspggglllliiplslkisgklpll.......gsflelavgvsitaelalerdeqGrprlvlseCsssigsislsllgglgslldlltnllektlkkvlesqlCpvi....qsvLsnl	ALELVKQEGLRFLEQELETITIPDLRGKEG-----HFYYNISEVKVTELQLTSSELDFQPQQELMLQITNASLGLRFRRQLLywffydgGYINASAEGVSIRTGLELSRDPAGRMKVSNVSCQASVSRMHAAFGGTFKKVYDFLSTFITSGMRFLLNQQICPVLyhagTVLLNSL	1,2,3,4,5,6,7,8,9,10,11,12,13,14,15,16,17,18,19,20,21,22,23,24,25,26,27,28,29,30,31,32,33,34,35,36,37,38,39,40,41,42,43,44,45,46,47,48,49,50,51,52,53,54,55,56,57,58,59,60,61,62,63,64,65,66,67,68,69,70,71,72,73,74,75,76,77,78,79,80,81,82,a82-0,a82-1,a82-2,a82-3,a82-4,a82-5,a82-6,83,84,85,86,87,88,89,90,91,92,93,94,95,96,97,98,99,100,101,102,103,104,105,106,107,108,109,110,111,112,113,114,115,116,117,118,119,120,121,122,123,124,125,126,127,128,129,130,131,132,133,134,135,136,137,138,139,140,141,142,143,144,145,146,147,148,149,150,151,152,153,154,155,156,157,a157-0,a157-1,a157-2,a157-3,158,159,160,161,162,163,164	ENSP00000440296.1	known	GRCh37:20:complement(join(44539992..44540151,44539791..44539890,44538581..44538709,44538155..44538310,44536480..44536543,44536331..44536394,44534907..44534998,44533581..44533757,44533439..44533498,44531079..44531243,44530906..44530973,44528475..44528517,44528261..44528324,44528101..44528177,44527580..44527702))	20	ENSG00000100979.10	ENST00000542937.1	protein_coding	protein_coding	9093	PLTP	XP_005260496	5360	513	1	164
22	ENSP00000456276.1	PF01273	LBP_BPI_CETP	1.7000000000000002e-18	62.3	1	145	gLdyakqeglkvlqkeleklqlpdilgeekikllgkvkynisnlkIsnlqlpslslklspggglllliiplslkisgklpll.........gsflelavgvsitaelalerdeq.GrprlvlseCsssigsislsllgg..lgslldlltnllektlkkvlesqlCpviqsvLsnl	MMLLG------------------------------QVKYGLHNIQISHLSIASSQVELVEAKSIDVSIQNVSVVFKGTLKYGyttawwlgiDQSIDFEIDSAIDLQINTQLTCDsGRVRTDAPDCYLSFHKLLLHLQGErePGWIKQLFTNFISFTLKLVLKGQICKEI-NVISNI	1,2,3,4,5,6,7,8,9,10,11,12,13,14,15,16,17,18,19,20,21,22,23,24,25,26,27,28,29,30,31,32,33,34,35,36,37,38,39,40,41,42,43,44,45,46,47,48,49,50,51,52,53,54,55,56,57,58,59,60,61,62,63,64,65,66,67,68,69,70,71,72,73,74,75,76,77,78,79,80,81,82,a82-0,a82-1,a82-2,a82-3,a82-4,a82-5,a82-6,a82-7,a82-8,83,84,85,86,87,88,89,90,91,92,93,94,95,96,97,98,99,100,101,102,103,104,105,a105-0,106,107,108,109,110,111,112,113,114,115,116,117,118,119,120,121,122,123,124,125,126,127,128,129,a129-0,a129-1,130,131,132,133,134,135,136,137,138,139,140,141,142,143,144,145,146,147,148,149,150,151,152,153,154,155,156,157,158,159,160,161,162,163,164	ENSP00000456276.1	putative	GRCh37:16:join(56996999..56997036,57003298..57003432,57003523..57003593,57003826..57003913,57004945..57005014,57005233..57005293,57005904..57005995,57007243..57007422,57009013..57009063,57012003..57012167,57015070..57015137,57015559..57015592,57016077..57016149,57017238..57017323,57017504..57017578)	16	ENSG00000087237.6	ENST00000566128.1	protein_coding	protein_coding	1869	CETP		1071	428	1	164
