	#TargetID	pfam_id	domain_name	E-value	BitScore	TargetStart	TargetEnd	HMM_Seq	Target_Seq	HMM_Pos	prot	pep	chromosome	chrom_num	gene	transcript	gene_biotype	transcript_biotype	hgncID	hugoSymbol	refseq	entrez	length	HMMStart	HMMEnd
0	ENSP00000372199.3	PF16201	NopRA1	1.6e-59	198.6	1668	1857	lgllvlsLssedeeirrlAlavlskllasleesssfkektqlllllselletllaskseeeekeprlpslialflaralriltnPehplYekvnrfllsrpeldlndvPlfysllyssseedeeykkersWiLrlladGlrtksDlkllkrrrvfelllslynsplldaklrelilelllratrieggattLitrsGllsW	LGLTVTALSSYDPQMRAIAYHVLAAYYSHLEGAR-FQEQSQLLYLLDVVRNGIR-------TQDMRLTFTLALFIAKAALQILKPEEHMYLKVSNFLLSHEYLNMDKVPGFYQFFYSSDFE---QKTEQKWVFGVLRQGIRDKQCYELCARRGIFHIILSFFHSPLCDEAAQNWILEILQNAAQVARSAYEIIRDYSLLTW	1,2,3,4,5,6,7,8,9,10,11,12,13,14,15,16,17,18,19,20,21,22,23,24,25,26,27,28,29,30,31,32,33,34,35,36,37,38,39,40,41,42,43,44,45,46,47,48,49,50,51,52,53,54,55,56,57,58,59,60,61,62,63,64,65,66,67,68,69,70,71,72,73,74,75,76,77,78,79,80,81,82,83,84,85,86,87,88,89,90,91,92,93,94,95,96,97,98,99,100,101,102,103,104,105,106,107,108,109,110,111,112,113,114,115,116,117,118,119,120,121,122,123,124,125,126,127,128,129,130,131,132,133,134,135,136,137,138,139,140,141,142,143,144,145,146,147,148,149,150,151,152,153,154,155,156,157,158,159,160,161,162,163,164,165,166,167,168,169,170,171,172,173,174,175,176,177,178,179,180,181,182,183,184,185,186,187,188,189,190,191,192,193,194,195,196,197,198,199,200,201	ENSP00000372199.3	known	GRCh37:21:complement(join(33765078..33765219,33757854..33757993,33756622..33756773,33755731..33755863,33750754..33750850,33747707..33747792,33745956..33746081,33744816..33744940,33740712..33740907,33738927..33739064,33735465..33735638,33734201..33734330,33733316..33733432,33732105..33732217,33729846..33729965,33727758..33727874,33727168..33727306,33726242..33726412,33725019..33725215,33723013..33723231,33721613..33721792,33719265..33720120,33717683..33717884,33716879..33717065,33713775..33713833,33711016..33711209,33709713..33709823,33709403..33709466,33706472..33706643,33705626..33705728,33697539..33697699,33696801..33696912,33694788..33694894,33694111..33694254,33692841..33692950,33691527..33691724,33689987..33690228,33688777..33689376,33687229..33687410))	21	ENSG00000142207.5	ENST00000382751.3	protein_coding	protein_coding	17344	URB1	NP_055640	9875	2271	1	201
