	#TargetID	pfam_id	domain_name	E-value	BitScore	TargetStart	TargetEnd	HMM_Seq	Target_Seq	HMM_Pos	prot	pep	chromosome	chrom_num	gene	transcript	gene_biotype	transcript_biotype	hgncID	hugoSymbol	refseq	entrez	length	HMMStart	HMMEnd
0	ENSP00000258173.5	PF10149	TM231	9.599999999999997e-129	428.6	1	301	MalvevysepvlirYkaslcSkAtlfvllvvlltlilPllvayrsqgfwlktrtyreqPdVsFkyqyllvaetestegeliawStfsslNqlleqnlripavkvreeDvnrDgkadqlhfelelplqeeeevksvqlllffdykLkrkskltmeslaylqqssplpgselyvkGdlklkqkvplpargiktryntsvinenstdlseyklesilkqyekrnvttklenkspvwtsgrsaeepftievelrypeeeilYkpgfwellkwaWiqYlsilliflylfekikdflFqnqivrtve	MALYELFSHPVERSYRAGLCSKAALFLLLAAALTYIPPLLVAFRSHGFWLKRSSYEEQPTVRFQHQVLLVALLGPESDGFLAWSTFPAFNRLQGDRLRVPLVSTREEDRNQDGKTDMLHFKLELPLQSTEHVLGVQLILTFSYRLHRMATLVMQSMAFLQSSFPVPGSQLYVNGDLRLQQKQPLSCGGLDARYNISVINGTSPFAYDYDLTHIVAAYQERNVTTVLNDPNPIWLVGRAADAPFVINAIIRYPVEVISYQPGFWEMVKFAWVQYVSILLIFLWVFERIKIFVFQNQVVTTIP	1,2,3,4,5,6,7,8,9,10,11,12,13,14,15,16,17,18,19,20,21,22,23,24,25,26,27,28,29,30,31,32,33,34,35,36,37,38,39,40,41,42,43,44,45,46,47,48,49,50,51,52,53,54,55,56,57,58,59,60,61,62,63,64,65,66,67,68,69,70,71,72,73,74,75,76,77,78,79,80,81,82,83,84,85,86,87,88,89,90,91,92,93,94,95,96,97,98,99,100,101,102,103,104,105,106,107,108,109,110,111,112,113,114,115,116,117,118,119,120,121,122,123,124,125,126,127,128,129,130,131,132,133,134,135,136,137,138,139,140,141,142,143,144,145,146,147,148,149,150,151,152,153,154,155,156,157,158,159,160,161,162,163,164,165,166,167,168,169,170,171,172,173,174,175,176,177,178,179,180,181,182,183,184,185,186,187,188,189,190,191,192,193,194,195,196,197,198,199,200,201,202,203,204,205,206,207,208,209,210,211,212,213,214,215,216,217,218,219,220,221,222,223,224,225,226,227,228,229,230,231,232,233,234,235,236,237,238,239,240,241,242,243,244,245,246,247,248,249,250,251,252,253,254,255,256,257,258,259,260,261,262,263,264,265,266,267,268,269,270,271,272,273,274,275,276,277,278,279,280,281,282,283,284,285,286,287,288,289,290,291,292,293,294,295,296,297,298,299,300,301	ENSP00000258173.5	known	GRCh37:16:complement(join(75589969..75590107,75589702..75589871,75579724..75579852,75579250..75579393,75576500..75576581,75575248..75575353,75573892..75574072))	16	ENSG00000205084.6	ENST00000258173.6	protein_coding	protein_coding	37234	TMEM231	NP_001070886	79583	316	1	301
1	ENSP00000457254.1	PF10149	TM231	3.899999999999999e-89	297.0	1	253	MalvevysepvlirYkaslcSkAtlfvllvvlltlilPllvayrsqgfwlktrtyreqPdVsFkyqyllvaetestegeliawStfsslNqlleqnlripavkvreeDvnrDgkadqlhfelelplqeeeevksvqlllffdykLkrkskltmeslaylqqssplpgselyvkGdlklkqkvplpargiktryntsvinenstdlseyklesilkqyekrnvttklenkspvwtsgrsaeepftievelrypeeeilYkpgfwellkwaWiqYlsilliflylfekikdflFqnqivrtve	MALYELFSHPVERSYRAGLCSKAALFLLLAAALTYIPPLLVAFRSHGFWLKRSSYEEQPTVRFQHQVLLVALLGPESDGFLAWSTFPAFNRLQGDRLRVPLVSTREEDRNQDGKTDMLHFKLELPLQSTEHVLGVQLILTFSYRLHI------------------------------------------------SVINGTSPFAYDYDLTHIVAAYQERNVTTVLNDPNPIWLVGRAADAPFVINAIIRYPVEVISYQPGFWEMVKFAWVQYVSILLIFLWVFERIKIFVFQNQVVTTIP	1,2,3,4,5,6,7,8,9,10,11,12,13,14,15,16,17,18,19,20,21,22,23,24,25,26,27,28,29,30,31,32,33,34,35,36,37,38,39,40,41,42,43,44,45,46,47,48,49,50,51,52,53,54,55,56,57,58,59,60,61,62,63,64,65,66,67,68,69,70,71,72,73,74,75,76,77,78,79,80,81,82,83,84,85,86,87,88,89,90,91,92,93,94,95,96,97,98,99,100,101,102,103,104,105,106,107,108,109,110,111,112,113,114,115,116,117,118,119,120,121,122,123,124,125,126,127,128,129,130,131,132,133,134,135,136,137,138,139,140,141,142,143,144,145,146,147,148,149,150,151,152,153,154,155,156,157,158,159,160,161,162,163,164,165,166,167,168,169,170,171,172,173,174,175,176,177,178,179,180,181,182,183,184,185,186,187,188,189,190,191,192,193,194,195,196,197,198,199,200,201,202,203,204,205,206,207,208,209,210,211,212,213,214,215,216,217,218,219,220,221,222,223,224,225,226,227,228,229,230,231,232,233,234,235,236,237,238,239,240,241,242,243,244,245,246,247,248,249,250,251,252,253,254,255,256,257,258,259,260,261,262,263,264,265,266,267,268,269,270,271,272,273,274,275,276,277,278,279,280,281,282,283,284,285,286,287,288,289,290,291,292,293,294,295,296,297,298,299,300,301	ENSP00000457254.1	putative	GRCh37:16:complement(join(75589969..75590107,75589702..75589871,75579724..75579852,75576500..75576581,75575248..75575353,75573892..75574072))	16	ENSG00000205084.6	ENST00000565067.1	protein_coding	protein_coding	37234	TMEM231		79583	268	1	301
2	ENSP00000476267.1	PF10149	TM231	2.5999999999999992e-99	330.8	32	330	MalvevysepvlirYkaslcSkAtlfvllvvlltlilPllvayrsqgfwlktrtyreqPdVsFkyqyllvaetestegeliawStfsslNqlleqnlripavkvreeDvnrDgkadqlhfelelplqeeeevksvqlllffdykLkrkskltmeslaylqqssplpgselyvkGdlklkqkvplpargiktryntsvinenstdlseyklesilkqyekrnvttklenkspvwtsgrsaeepftievelrypeeeilYkpgfwellkwaWiqYlsilliflylfekikdflFqnqivrtve	TSRRCWWPSGATVSLPRPLCHEAPRARSARAGLPNRLPT--ALFNSGFWLKRSSYEEQPTVRFQHQVLLVALLGPESDGFLAWSTFPAFNRLQGDRLRVPLVSTREEDRNQDGKTDMLHFKLELPLQSTEHVLGVQLILTFSYRLHRMATLVMQSMAFLQSSFPVPGSQLYVNGDLRLQQKQPLSCGGLDARYNISVINGTSPFAYDYDLTHIVAAYQERNVTTVLNDPNPIWLVGRAADAPFVINAIIRYPVEVISYQPGFWEMVKFAWVQYVSILLIFLWVFERIKIFVFQNQVVTTIP	1,2,3,4,5,6,7,8,9,10,11,12,13,14,15,16,17,18,19,20,21,22,23,24,25,26,27,28,29,30,31,32,33,34,35,36,37,38,39,40,41,42,43,44,45,46,47,48,49,50,51,52,53,54,55,56,57,58,59,60,61,62,63,64,65,66,67,68,69,70,71,72,73,74,75,76,77,78,79,80,81,82,83,84,85,86,87,88,89,90,91,92,93,94,95,96,97,98,99,100,101,102,103,104,105,106,107,108,109,110,111,112,113,114,115,116,117,118,119,120,121,122,123,124,125,126,127,128,129,130,131,132,133,134,135,136,137,138,139,140,141,142,143,144,145,146,147,148,149,150,151,152,153,154,155,156,157,158,159,160,161,162,163,164,165,166,167,168,169,170,171,172,173,174,175,176,177,178,179,180,181,182,183,184,185,186,187,188,189,190,191,192,193,194,195,196,197,198,199,200,201,202,203,204,205,206,207,208,209,210,211,212,213,214,215,216,217,218,219,220,221,222,223,224,225,226,227,228,229,230,231,232,233,234,235,236,237,238,239,240,241,242,243,244,245,246,247,248,249,250,251,252,253,254,255,256,257,258,259,260,261,262,263,264,265,266,267,268,269,270,271,272,273,274,275,276,277,278,279,280,281,282,283,284,285,286,287,288,289,290,291,292,293,294,295,296,297,298,299,300,301	ENSP00000476267.1	known	GRCh37:16:complement(join(75589702..75590097,75579724..75579852,75579250..75579393,75576500..75576581,75575248..75575353,75573892..75574072))	16	ENSG00000205084.6	ENST00000568377.1	protein_coding	protein_coding	37234	TMEM231	NP_001070884	79583	345	1	301
