	#TargetID	pfam_id	domain_name	E-value	BitScore	TargetStart	TargetEnd	HMM_Seq	Target_Seq	HMM_Pos	prot	pep	chromosome	chrom_num	gene	transcript	gene_biotype	transcript_biotype	hgncID	hugoSymbol	refseq	entrez	length	HMMStart	HMMEnd
0	ENSP00000339630.7	PF00590	TP_methylase	1.1999999999999998e-23	79.5	1	240	klylVGvGpGdpellTvrAlralktadvvlgddsraleilldllaeeleleapmgkekepleeayeeiaealaealragkdVvllvsGDPlvygtgselvealrareagieveviPGvsslqaaaarlgiplteggevlsvl.lpglakeeereleallan....gdtlvll............................kaprklaelaelLkea...lyddttpvavveragtedervvrgtleela	MLYLIGLGLGDAKDITVKGLEVVRRCSRVYLEA---YTSVLTVGKEALEEFYGRKLVVADREEVEQEADNILKDADISD--VAFLVVGDPFGATTHSDLV--LRATKLGIPYRVIHNASIMNAVGCC-GLQLYKFGETVSIVfWTD-TWRPESFFDKVKKNrqngMHTLCLLdikvkeqslenlikgrkiyepprymsvnQAAQQLLEIVQNQRIRgeePVTEETLCVGLARVGADDQKIAAGTLRQMC	1,2,3,4,5,6,7,8,9,10,11,12,13,14,15,16,17,18,19,20,21,22,23,24,25,26,27,28,29,30,31,32,33,34,35,36,37,38,39,40,41,42,43,44,45,46,47,48,49,50,51,52,53,54,55,56,57,58,59,60,61,62,63,64,65,66,67,68,69,70,71,72,73,74,75,76,77,78,79,80,81,82,83,84,85,86,87,88,89,90,91,92,93,94,95,96,97,98,99,100,101,102,103,104,105,106,107,108,109,110,111,112,113,114,115,116,117,118,119,120,121,122,123,124,125,126,127,128,129,130,131,132,133,134,135,136,137,138,139,140,141,142,a142-0,143,144,145,146,147,148,149,150,151,152,153,154,155,156,157,158,159,160,a160-0,a160-1,a160-2,a160-3,161,162,163,164,165,166,167,a167-0,a167-1,a167-2,a167-3,a167-4,a167-5,a167-6,a167-7,a167-8,a167-9,a167-10,a167-11,a167-12,a167-13,a167-14,a167-15,a167-16,a167-17,a167-18,a167-19,a167-20,a167-21,a167-22,a167-23,a167-24,a167-25,a167-26,a167-27,168,169,170,171,172,173,174,175,176,177,178,179,180,181,182,183,a183-0,a183-1,a183-2,184,185,186,187,188,189,190,191,192,193,194,195,196,197,198,199,200,201,202,203,204,205,206,207,208,209,210,211,212,213	ENSP00000339630.7	known	GRCh37:1:complement(join(101490865..101490999,101487197..101487321,101479266..101479374,101467023..101467143,101460666..101460705,101458193..101458296,101455964..101456184))	1	ENSG00000117543.15	ENST00000342173.7	protein_coding	protein_coding	24270	DPH5		51611	284	1	213
1	ENSP00000359127.3	PF00590	TP_methylase	5.9e-24	80.5	1	241	klylVGvGpGdpellTvrAlralktadvvlgddsraleilldllaeeleleapmgkekepleeayeeiaealaealragkdVvllvsGDPlvygtgselvealrareagieveviPGvsslqaaaarlgiplteggevlsvl.lpglakeeereleallan....gdtlvll............................kaprklaelaelLkea....lyddttpvavveragtedervvrgtleela	MLYLIGLGLGDAKDITVKGLEVVRRCSRVYLEA---YTSVLTVGKEALEEFYGRKLVVADREEVEQEADNILKDADISD--VAFLVVGDPFGATTHSDLV--LRATKLGIPYRVIHNASIMNAVGCC-GLQLYKFGETVSIVfWTD-TWRPESFFDKVKKNrqngMHTLCLLdikvkeqslenlikgrkiyepprymsvnQAAQQLLEIVQNQRIRgeepAVTEETLCVGLARVGADDQKIAAGTLRQMC	1,2,3,4,5,6,7,8,9,10,11,12,13,14,15,16,17,18,19,20,21,22,23,24,25,26,27,28,29,30,31,32,33,34,35,36,37,38,39,40,41,42,43,44,45,46,47,48,49,50,51,52,53,54,55,56,57,58,59,60,61,62,63,64,65,66,67,68,69,70,71,72,73,74,75,76,77,78,79,80,81,82,83,84,85,86,87,88,89,90,91,92,93,94,95,96,97,98,99,100,101,102,103,104,105,106,107,108,109,110,111,112,113,114,115,116,117,118,119,120,121,122,123,124,125,126,127,128,129,130,131,132,133,134,135,136,137,138,139,140,141,142,a142-0,143,144,145,146,147,148,149,150,151,152,153,154,155,156,157,158,159,160,a160-0,a160-1,a160-2,a160-3,161,162,163,164,165,166,167,a167-0,a167-1,a167-2,a167-3,a167-4,a167-5,a167-6,a167-7,a167-8,a167-9,a167-10,a167-11,a167-12,a167-13,a167-14,a167-15,a167-16,a167-17,a167-18,a167-19,a167-20,a167-21,a167-22,a167-23,a167-24,a167-25,a167-26,a167-27,168,169,170,171,172,173,174,175,176,177,178,179,180,181,182,183,a183-0,a183-1,a183-2,a183-3,184,185,186,187,188,189,190,191,192,193,194,195,196,197,198,199,200,201,202,203,204,205,206,207,208,209,210,211,212,213	ENSP00000359127.3	known	GRCh37:1:complement(join(101490865..101490999,101487197..101487321,101479266..101479374,101467023..101467143,101460666..101460705,101458193..101458296,101455964..101456187))	1	ENSG00000117543.15	ENST00000370109.3	protein_coding	protein_coding	24270	DPH5	NP_057042	51611	285	1	213
2	ENSP00000418282.1	PF00590	TP_methylase	5.9e-24	80.5	1	241	klylVGvGpGdpellTvrAlralktadvvlgddsraleilldllaeeleleapmgkekepleeayeeiaealaealragkdVvllvsGDPlvygtgselvealrareagieveviPGvsslqaaaarlgiplteggevlsvl.lpglakeeereleallan....gdtlvll............................kaprklaelaelLkea....lyddttpvavveragtedervvrgtleela	MLYLIGLGLGDAKDITVKGLEVVRRCSRVYLEA---YTSVLTVGKEALEEFYGRKLVVADREEVEQEADNILKDADISD--VAFLVVGDPFGATTHSDLV--LRATKLGIPYRVIHNASIMNAVGCC-GLQLYKFGETVSIVfWTD-TWRPESFFDKVKKNrqngMHTLCLLdikvkeqslenlikgrkiyepprymsvnQAAQQLLEIVQNQRIRgeepAVTEETLCVGLARVGADDQKIAAGTLRQMC	1,2,3,4,5,6,7,8,9,10,11,12,13,14,15,16,17,18,19,20,21,22,23,24,25,26,27,28,29,30,31,32,33,34,35,36,37,38,39,40,41,42,43,44,45,46,47,48,49,50,51,52,53,54,55,56,57,58,59,60,61,62,63,64,65,66,67,68,69,70,71,72,73,74,75,76,77,78,79,80,81,82,83,84,85,86,87,88,89,90,91,92,93,94,95,96,97,98,99,100,101,102,103,104,105,106,107,108,109,110,111,112,113,114,115,116,117,118,119,120,121,122,123,124,125,126,127,128,129,130,131,132,133,134,135,136,137,138,139,140,141,142,a142-0,143,144,145,146,147,148,149,150,151,152,153,154,155,156,157,158,159,160,a160-0,a160-1,a160-2,a160-3,161,162,163,164,165,166,167,a167-0,a167-1,a167-2,a167-3,a167-4,a167-5,a167-6,a167-7,a167-8,a167-9,a167-10,a167-11,a167-12,a167-13,a167-14,a167-15,a167-16,a167-17,a167-18,a167-19,a167-20,a167-21,a167-22,a167-23,a167-24,a167-25,a167-26,a167-27,168,169,170,171,172,173,174,175,176,177,178,179,180,181,182,183,a183-0,a183-1,a183-2,a183-3,184,185,186,187,188,189,190,191,192,193,194,195,196,197,198,199,200,201,202,203,204,205,206,207,208,209,210,211,212,213	ENSP00000418282.1	known	GRCh37:1:complement(join(101490865..101490999,101487197..101487321,101479266..101479374,101467023..101467143,101460666..101460705,101458193..101458296,101455964..101456187))	1	ENSG00000117543.15	ENST00000488176.1	protein_coding	protein_coding	24270	DPH5	XP_005270996	51611	285	1	213
