	#TargetID	pfam_id	domain_name	E-value	BitScore	TargetStart	TargetEnd	HMM_Seq	Target_Seq	HMM_Pos	prot	pep	chromosome	chrom_num	gene	transcript	gene_biotype	transcript_biotype	hgncID	hugoSymbol	refseq	entrez	length	HMMStart	HMMEnd
0	ENSP00000217372.2	PF00919	UPF0004	5e-34	113.9	101	204	kvaietlGCqmNevdseelaslLkkegyelvedeeeAdvvlvnTCavrekaekkviqalrelkalkkpe......kkvvvlGCmaqrekeellkeepevdlvlg	KVYLETYGCQMNVNDTEIAWSILQKSGYLRTSNLQEADVILLVTCSIREKAEQTIWNRLHQLKALKTRRprsrvpLRIGILGCMAERLKEEILNREKMVDILAG	1,2,3,4,5,6,7,8,9,10,11,12,13,14,15,16,17,18,19,20,21,22,23,24,25,26,27,28,29,30,31,32,33,34,35,36,37,38,39,40,41,42,43,44,45,46,47,48,49,50,51,52,53,54,55,56,57,58,59,60,61,62,63,64,65,66,67,68,69,a69-0,a69-1,a69-2,a69-3,a69-4,a69-5,70,71,72,73,74,75,76,77,78,79,80,81,82,83,84,85,86,87,88,89,90,91,92,93,94,95,96,97,98	ENSP00000217372.2	known	GRCh37:20:complement(join(31984567..31984870,31982819..31982922,31981838..31981872,31979948..31980048,31975129..31975339,31973456..31973576,31967267..31967497,31961921..31962018,31960448..31960503,31958305..31958435,31954665..31954814,31948157..31948297,31946849..31946929))	20	ENSG00000101391.16	ENST00000346416.2	protein_coding	protein_coding	15880	CDK5RAP1	NP_001265096	51654	587	1	98
1	ENSP00000274695.4	PF00919	UPF0004	1.6e-22	75.8	65	156	kvaietlGCqmNevdseelaslLkkegyelvedeeeAdvvlvnTCavrekaekkviqalrelkalkkpekkvvvlGCmaqrekeellkeepevdlvlg	KIWIRTWGCSHNNSDGEYMAGQLAAYGYKITENASDADLWLLNSCTVKNPAEDHFRNSIKKAQEEN---KKIVLAGCVPQAQPRQDYLKGLS---IIG	1,2,3,4,5,6,7,8,9,10,11,12,13,14,15,16,17,18,19,20,21,22,23,24,25,26,27,28,29,30,31,32,33,34,35,36,37,38,39,40,41,42,43,44,45,46,47,48,49,50,51,52,53,54,55,56,57,58,59,60,61,62,63,64,65,66,67,68,69,70,71,72,73,74,75,76,77,78,79,80,81,82,83,84,85,86,87,88,89,90,91,92,93,94,95,96,97,98	ENSP00000274695.4	known	GRCh37:6:join(20546582..20546754,20548824..20548936,20649524..20649608,20739750..20739846,20758826..20758874,20781376..20781496,20846306..20846409,20955650..20955816,21000458..21000603,21065279..21065459,21108632..21108694,21198252..21198335,21201341..21201505,21231079..21231270)	6	ENSG00000145996.7	ENST00000274695.4	protein_coding	protein_coding	21050	CDKAL1	NP_060244	54901	579	1	98
2	ENSP00000341840.5	PF00919	UPF0004	5e-34	113.9	101	204	kvaietlGCqmNevdseelaslLkkegyelvedeeeAdvvlvnTCavrekaekkviqalrelkalkkpe......kkvvvlGCmaqrekeellkeepevdlvlg	KVYLETYGCQMNVNDTEIAWSILQKSGYLRTSNLQEADVILLVTCSIREKAEQTIWNRLHQLKALKTRRprsrvpLRIGILGCMAERLKEEILNREKMVDILAG	1,2,3,4,5,6,7,8,9,10,11,12,13,14,15,16,17,18,19,20,21,22,23,24,25,26,27,28,29,30,31,32,33,34,35,36,37,38,39,40,41,42,43,44,45,46,47,48,49,50,51,52,53,54,55,56,57,58,59,60,61,62,63,64,65,66,67,68,69,a69-0,a69-1,a69-2,a69-3,a69-4,a69-5,70,71,72,73,74,75,76,77,78,79,80,81,82,83,84,85,86,87,88,89,90,91,92,93,94,95,96,97,98	ENSP00000341840.5	known	GRCh37:20:complement(join(31984567..31984870,31982819..31982922,31981838..31981872,31979948..31980048,31975129..31975339,31973456..31973576,31961921..31962018,31960448..31960503,31958305..31958435,31954665..31954814,31948157..31948297,31946849..31946929))	20	ENSG00000101391.16	ENST00000339269.5	protein_coding	protein_coding	15880	CDK5RAP1	NP_001265097	51654	510	1	98
3	ENSP00000350558.4	PF00919	UPF0004	5e-34	113.9	101	204	kvaietlGCqmNevdseelaslLkkegyelvedeeeAdvvlvnTCavrekaekkviqalrelkalkkpe......kkvvvlGCmaqrekeellkeepevdlvlg	KVYLETYGCQMNVNDTEIAWSILQKSGYLRTSNLQEADVILLVTCSIREKAEQTIWNRLHQLKALKTRRprsrvpLRIGILGCMAERLKEEILNREKMVDILAG	1,2,3,4,5,6,7,8,9,10,11,12,13,14,15,16,17,18,19,20,21,22,23,24,25,26,27,28,29,30,31,32,33,34,35,36,37,38,39,40,41,42,43,44,45,46,47,48,49,50,51,52,53,54,55,56,57,58,59,60,61,62,63,64,65,66,67,68,69,a69-0,a69-1,a69-2,a69-3,a69-4,a69-5,70,71,72,73,74,75,76,77,78,79,80,81,82,83,84,85,86,87,88,89,90,91,92,93,94,95,96,97,98	ENSP00000350558.4	known	GRCh37:20:complement(join(31984567..31984870,31982819..31982922,31981838..31981872,31979948..31980048,31975129..31975339,31973456..31973576,31971286..31971327,31967267..31967497,31961921..31962018,31960448..31960503,31958305..31958435,31954665..31954814,31948157..31948297,31946849..31946929))	20	ENSG00000101391.16	ENST00000357886.4	protein_coding	protein_coding	15880	CDK5RAP1		51654	601	1	98
4	ENSP00000367873.1	PF00919	UPF0004	1.6e-22	75.8	65	156	kvaietlGCqmNevdseelaslLkkegyelvedeeeAdvvlvnTCavrekaekkviqalrelkalkkpekkvvvlGCmaqrekeellkeepevdlvlg	KIWIRTWGCSHNNSDGEYMAGQLAAYGYKITENASDADLWLLNSCTVKNPAEDHFRNSIKKAQEEN---KKIVLAGCVPQAQPRQDYLKGLS---IIG	1,2,3,4,5,6,7,8,9,10,11,12,13,14,15,16,17,18,19,20,21,22,23,24,25,26,27,28,29,30,31,32,33,34,35,36,37,38,39,40,41,42,43,44,45,46,47,48,49,50,51,52,53,54,55,56,57,58,59,60,61,62,63,64,65,66,67,68,69,70,71,72,73,74,75,76,77,78,79,80,81,82,83,84,85,86,87,88,89,90,91,92,93,94,95,96,97,98	ENSP00000367873.1	known	GRCh37:6:join(20546582..20546754,20548824..20548936,20649524..20649608,20739750..20739846,20758826..20758874,20781376..20781496,20846306..20846409,20955650..20955816,21000458..21000603,21065279..21065459,21108632..21108694,21198252..21198335,21201341..21201505,21231079..21231270)	6	ENSG00000145996.7	ENST00000378610.1	protein_coding	protein_coding	21050	CDKAL1		54901	579	1	98
5	ENSP00000439034.1	PF00919	UPF0004	5e-34	113.9	101	204	kvaietlGCqmNevdseelaslLkkegyelvedeeeAdvvlvnTCavrekaekkviqalrelkalkkpe......kkvvvlGCmaqrekeellkeepevdlvlg	KVYLETYGCQMNVNDTEIAWSILQKSGYLRTSNLQEADVILLVTCSIREKAEQTIWNRLHQLKALKTRRprsrvpLRIGILGCMAERLKEEILNREKMVDILAG	1,2,3,4,5,6,7,8,9,10,11,12,13,14,15,16,17,18,19,20,21,22,23,24,25,26,27,28,29,30,31,32,33,34,35,36,37,38,39,40,41,42,43,44,45,46,47,48,49,50,51,52,53,54,55,56,57,58,59,60,61,62,63,64,65,66,67,68,69,a69-0,a69-1,a69-2,a69-3,a69-4,a69-5,70,71,72,73,74,75,76,77,78,79,80,81,82,83,84,85,86,87,88,89,90,91,92,93,94,95,96,97,98	ENSP00000439034.1	known	GRCh37:20:complement(join(31984567..31984870,31982819..31982922,31981838..31981872,31979948..31980048,31975129..31975339,31973456..31973576,31967267..31967497,31961921..31962018,31960448..31960503,31954795..31954814))	20	ENSG00000101391.16	ENST00000544843.1	protein_coding	protein_coding	15880	CDK5RAP1		51654	426	1	98
6	ENSP00000476857.1	PF00919	UPF0004	5e-34	113.9	11	114	kvaietlGCqmNevdseelaslLkkegyelvedeeeAdvvlvnTCavrekaekkviqalrelkalkkpe......kkvvvlGCmaqrekeellkeepevdlvlg	KVYLETYGCQMNVNDTEIAWSILQKSGYLRTSNLQEADVILLVTCSIREKAEQTIWNRLHQLKALKTRRprsrvpLRIGILGCMAERLKEEILNREKMVDILAG	1,2,3,4,5,6,7,8,9,10,11,12,13,14,15,16,17,18,19,20,21,22,23,24,25,26,27,28,29,30,31,32,33,34,35,36,37,38,39,40,41,42,43,44,45,46,47,48,49,50,51,52,53,54,55,56,57,58,59,60,61,62,63,64,65,66,67,68,69,a69-0,a69-1,a69-2,a69-3,a69-4,a69-5,70,71,72,73,74,75,76,77,78,79,80,81,82,83,84,85,86,87,88,89,90,91,92,93,94,95,96,97,98	ENSP00000476857.1	known	GRCh37:20:complement(join(31984567..31984600,31982819..31982922,31981838..31981872,31979948..31980048,31975129..31975339,31973456..31973576,31967267..31967497,31961921..31962018,31960448..31960503,31958305..31958435,31954665..31954814,31948157..31948297,31946849..31946929))	20	ENSG00000101391.16	ENST00000473997.1	protein_coding	protein_coding	15880	CDK5RAP1	NP_057166	51654	497	1	98
